985211
985211
750
749
748
745
747
985211
742
741
739
985211
985211
985211
985211
985211
711
985211
985211
701
697
985211
694
690
689
685
985211
985211
677
676
985211
985211
985211
664
985211
985211
985211
657
656
985211
653
649
648
643
985211
632
985211
627
985211
626
985211
621
985211
618
985211
985211
985211
606
985211
985211
985211
985211
598
985211
593
985211
985211
587
582
985211
985211
985211
574
985211
985211
985211
985211
567
557
985211
985211
985211
556
554
550
985211
985211
544
543
539
985211
541
537
985211
531
985211
530
985211
985211
519
518
985211
985211
985211
985211
985211
985211
985211
485
985211
985211
985211
985211
473
472
471
469
468
466
465
464
463
462
985211
460
458
457
456
454
455
453
450
449
446
444
985211
441
434
433
985211
985211
432
985211
427
428
423
421
985211
419
418
417
985211
985211
985211
985211
403
401
399
398
396
394
391
393
389
390
388
387
385
384
382
985211
378
985211
985211
985211
373
985211
372
371
985211
369
368
367
365
363
361
985211
985211
985211
356
354
353
352
985211
985211
349
348
347
346
985211
339
337
334
985211
273
985211
985211
261
985211
258
257
255
985211
985211
985211
246
985211
985211
985211
985211
985211
985211
985211
235
234
230
985211
985211
224
223
985211
220
985211
985211
985211
985211
216
985211
985211
985211
985211
985211
985211
206
205
201
200
198
985211
196
197
192
985211
189
188
187
186
180
985211
182
181
178
177
176
985211
172
985211
168
167
166
158
985211
164
160
985211
157
155
985211
152
148
145
143
142
141
136
135
985211
985211
133
985211
127
122
121
120
118
985211
114
112
985211
106
109
108
103
102
985211
98
93
92
985211
89
87
86
85
82
81
985211
985211
70
985211
985211
72
985211
985211
985211
985211
985211
985211
985211
985211
985211
985211
784
985211
985211
790
792
796
798
799
985211
985211
985211
806
985211
810
985211
985211
985211
985211
815
816
817
818
985211
821
823
827
985211
829
985211
833
985211
839
985211
843
846
985211
985211
985211
855
985211
985211
876
878
879
880
881
883
884
885
985211
890
985211
895
905
985211
985211
905
985211
908
909
911
912
913
985211
985211
985211
919
921
922
923
924
985211
985211
929
934
936
941
985211
948
985211
952
985211
958
985211
985211
985211
985211
969
973
974
979
985211
984
985
985211
991
993
995
996
985211
1001
985211
1007
1009
1011
1012
1013
1016
1018
1019
985211
1024
1026
1030
1036
1037
1038
985211
985211
1042
1045
1047
985211
1054
1057
1059
985211
1068
1071
1073
985211
985211
985211
985211
1079
985211
985211
985211
985211
1087
985211
985211
1090
1094
985211
985211
1100
1103
1104
1105
1108
1109
1112
1113
1114
985211
1116
985211
985211
1120
1122
985211
985211
985211
1132
1136
1133
985211
985211
1147
1148
1151
985211
985211
1153
1155
985211
1157
1158
1159
1160
1161
985211
1167
1169
985211
1173
985211
1174
1177
985211
985211
985211
985211
985211
1195
985211
1198
985211
1203
985211
985211
1208
1210
985211
1213
1215
1219
1221
1222
985211
1224
1226
985211
985211
985211
985211
1232
985211
1235
1237
985211
985211
1240
1242
985211
1247
1249
1254
985211
1267
985211
985211
1265
985211
985211
985211
1277
985211
985211
1280
1284
985211
1287
985211
1289
1291
985211
1295
985211
1299
985211
1306
1309
1310
1312
1315
1316
985211
985211
985211
1325
1329
1330
1331
985211
1333
1334
985211
1335
985211
1338
1339
1341
1344
985211
985211
985211
1350
1351
985211
1354
985211
1357
1358
1359
1361
1362
985211
1364
1367
985211
1369
1370
1371
1374
1380
1384
1385
1387
985211
1392
1391
1396
1395
985211
985211
1400
1404
985211
985211
1410
985211
1414
1416
985211
985211
1424
1430
1433
1432
985211
1437
985211
1439
1440
1441
1443
1444
985211
1445
1446
985211
985211
1449
985211
1452
985211
1456
1457
1458
985211
985211
1461
985211
985211
1477
1479
985211
1486
1487
985211
1491
985211
985211
1495
985211
985211
985211
985211
985211
985211
985211
985211
1525
985211
1539
985211
985211
1542
1549
1550
985211
985211
985211
1555
1557
985211
1560
985211
985211
1564
985211
985211
985211
985211
1578
985211
985211
1580
985211
1581
985211
1584
1585
985211
1589
1594
985211
985211
985211
1602
985211
1603
1605
1606
1610
1613
1616
985211
985211
1622
1623
1624
985211
985211
1627
1628
985211
1632
1633
1634
1635
1638
985211
1639
1642
1643
1645
985211
1648
1652
985211
1650
985211
985211
985211
1656
985211
985211
1659
1660
1662
1663
1664
985211
1665
985211
1667
1668
1669
1670
1671
985211
1673
1675
1676
1677
1679
1680
1683
985211
985211
1688
1694
985211
1697
1702
1705
1706
985211
985211
985211
985211
985211
1714
985211
1715
985211
1718
1720
1721
985211
985211
985211
985211
1729
985211
1730
985211
1732
1736
1742
985211
985211
985211
985211
1760
1768
1771
985211
985211
1778
1779
1781
985211
985211
1784
1789
1790
1792
1796
1798
985211
1800
1802
985211
985211
985211
985211
985211
1814
985211
985211
985211
985211
985211
985211
1822
1823
1824
1825
1826
1827
1828
1829
1830
985211
985211
1834
985211
1836
1837
1838
1839
1840
1841
1842
1843
1845
1846
1847
1852
985211
985211
1853
1854
1855
1856
1857
1858
1859
1860
1861
1862
1863
1864
985211
985211
985211
1868
1869
1870
1871
1872
1873
1874
1875
1876
1878
1879
985211
985211
1882
1883
1884
1885
1886
1887
1888
985211
985211
1891
1892
1893
1894
1897
1901
1902
1904
1905
1906
1907
1908
985211
1910
1911
985211
1913
1914
1915
985211
1917
1918
1919
1920
1921
1922
1923
1924
985211
985211
985211
985211
985211
985211
985211
985211
985211
985211
985211
985211
1953
985211
1958
1959
1960
1961
1962
985211
985211
1965
985211
1968
985211
985211
1972
985211
985211
1975
1978
1980
985211
985211
1997
985211
2001
985211
2004
2006
985211
985211
2014
2015
985211
2017
985211
2024
2025
985211
2027
2029
2031
985211
985211
985211
2038
2037
2042
2044
985211
985211
985211
2047
2049
2050
2057
2059
985211
2061
2062
2063
2069
985211
2072
2073
2074
2075
2078
2080
2082
985211
2085
2086
985211
985211
985211
985211
985211
985211
985211
985211
985211
985211
985211
985211
985211
985211
985211
985211
985211
985211
985211
985211
985211
985211
985211
985211
985211
985211
985211
985211
985211
985211
985211
2153
985211
985211
985211
985211
985211
2178
985211
985211
985211
985211
985211
985211
985211
985211
985211
985211
985211
985211
2226
985211
985211
985211
985211
2235
985211
985211
985211
985211
985211
985211
985211
985211
2273
985211
985211
