0
985211
3
4
5
7
8
12
13
985211
985211
985211
15
985211
17
985211
18
19
985211
22
985211
23
25
26
985211
985211
30
32
33
35
985211
41
985211
42
43
985211
985211
46
985211
985211
50
985211
60
62
64
985211
71
985211
73
985211
985211
76
77
985211
79
80
81
82
84
86
985211
88
90
91
92
93
94
96
985211
98
985211
101
103
104
105
106
108
985211
985211
985211
985211
985211
114
985211
117
118
119
120
121
122
123
126
127
129
130
985211
985211
133
985211
137
139
985211
144
145
149
150
985211
985211
985211
985211
985211
160
985211
162
164
985211
985211
174
985211
985211
176
985211
178
180
181
985211
985211
188
189
191
985211
985211
198
985211
985211
985211
985211
208
209
211
985211
985211
218
220
985211
221
985211
226
231
236
239
985211
241
242
985211
985211
985211
985211
985211
260
985211
269
271
275
277
278
279
985211
281
985211
285
985211
985211
985211
985211
301
985211
308
309
985211
985211
317
319
985211
322
985211
985211
326
329
331
332
985211
330
338
339
985211
985211
344
985211
985211
349
352
985211
355
985211
357
985211
985211
985211
985211
985211
369
372
985211
985211
377
379
380
381
389
985211
985211
398
985211
405
985211
985211
985211
412
985211
418
985211
985211
429
985211
985211
450
451
985211
453
985211
460
985211
463
465
473
476
477
480
985211
487
491
492
985211
495
497
502
985211
507
510
512
513
985211
515
985211
519
985211
985211
985211
985211
985211
572
985211
575
985211
580
985211
582
583
585
587
589
985211
596
985211
598
599
985211
602
604
605
606
607
985211
609
610
985211
985211
616
617
621
622
985211
625
627
628
985211
985211
639
985211
643
644
645
646
648
649
650
985211
654
655
657
985211
661
985211
985211
664
665
666
668
669
671
985211
674
678
985211
985211
985211
684
985211
688
985211
985211
691
985211
985211
985211
985211
985211
701
702
705
704
985211
708
709
710
985211
985211
985211
716
718
985211
985211
723
721
726
728
729
731
730
733
736
737
985211
985211
985211
741
746
985211
985211
985211
749
985211
752
985211
985211
985211
759
985211
765
768
769
985211
771
773
985211
776
778
780
781
783
784
785
985211
791
792
793
795
797
798
985211
985211
805
806
985211
808
809
985211
985211
812
813
985211
819
820
985211
985211
985211
985211
985211
985211
985211
985211
985211
834
835
837
838
985211
841
985211
844
985211
985211
846
849
985211
985211
985211
862
985211
985211
867
985211
869
985211
871
985211
876
877
879
985211
985211
888
985211
985211
985211
985211
985211
985211
901
985211
908
910
985211
985211
912
985211
985211
916
985211
918
920
922
923
924
985211
927
985211
933
985211
985211
934
935
936
940
941
943
946
947
948
950
952
985211
954
956
985211
958
961
962
963
964
966
968
985211
971
985211
972
974
977
985211
985211
983
985211
986
987
989
985211
991
992
993
995
985211
998
999
1000
1001
1002
1004
1005
1006
1007
1008
1010
1012
1013
1015
1017
1018
985211
1020
1022
1023
1025
1030
1031
1032
1034
1036
985211
1039
985211
1045
985211
985211
1053
1055
985211
985211
985211
985211
985211
985211
985211
985211
985211
985211
1078
1081
1084
1085
985211
985211
1088
985211
1091
985211
1093
985211
1095
985211
1096
1099
985211
985211
985211
985211
1103
1105
985211
1108
985211
1111
1113
1115
1120
985211
985211
1126
985211
985211
1130
1131
985211
1135
1136
985211
985211
1138
985211
985211
1141
1142
1144
1147
985211
1149
1151
985211
985211
985211
1155
985211
985211
1167
985211
985211
985211
1178
985211
985211
985211
1184
985211
1187
1189
1191
985211
985211
985211
985211
1199
985211
1201
1204
1205
1206
1207
1209
1210
1211
1217
985211
985211
985211
1227
985211
985211
1233
985211
985211
985211
1241
1242
1244
1245
985211
1252
1253
985211
1255
1256
1257
985211
985211
985211
1269
985211
985211
985211
985211
985211
1272
1281
1282
1283
985211
1285
1287
1288
1295
985211
1298
1299
985211
985211
985211
985211
985211
985211
1308
1313
985211
985211
1324
1325
1326
1327
1328
1329
1330
1332
985211
985211
1337
1339
985211
1341
1354
985211
1359
985211
1362
1364
1365
1366
985211
1369
1371
1372
1373
985211
1384
1385
1387
985211
1391
985211
1393
985211
1395
1397
985211
1400
985211
1403
1404
1406
1407
1408
1410
1411
1413
1414
1415
985211
1420
1421
1426
1427
985211
1428
1435
985211
985211
1439
985211
1440
1441
1442
1444
1446
985211
1449
1448
1452
1451
1453
