985211
985211
985211
985211
985211
985211
985211
985211
985211
43
985211
985211
985211
985211
985211
985211
59
61
985211
985211
985211
67
71
74
76
77
985211
985211
80
985211
985211
86
89
985211
94
985211
985211
985211
101
102
103
985211
985211
113
116
985211
120
985211
985211
985211
985211
985211
985211
985211
985211
141
985211
145
150
151
154
985211
985211
161
985211
163
985211
985211
985211
170
985211
176
985211
183
184
191
193
985211
201
985211
985211
203
985211
985211
985211
212
216
985211
219
223
228
985211
235
236
237
985211
985211
241
242
985211
244
245
248
985211
251
254
255
985211
257
985211
261
985211
264
985211
985211
985211
268
269
985211
985211
985211
985211
985211
280
985211
985211
291
985211
985211
299
300
305
307
311
312
317
318
322
985211
324
329
330
332
985211
985211
335
985211
338
985211
985211
985211
344
985211
985211
355
985211
985211
985211
368
985211
371
374
985211
985211
379
381
383
388
389
985211
985211
394
395
396
397
985211
985211
404
405
985211
411
985211
985211
985211
421
422
985211
985211
426
427
428
985211
985211
985211
985211
985211
439
985211
442
985211
444
985211
450
452
453
985211
455
985211
458
460
985211
985211
985211
985211
985211
985211
469
472
985211
985211
985211
479
484
487
488
491
493
496
503
505
512
515
518
520
985211
985211
985211
528
530
985211
985211
533
985211
536
985211
538
540
545
548
549
555
985211
557
558
560
561
985211
563
985211
568
985211
985211
985211
985211
985211
985211
580
581
985211
985211
985211
985211
585
592
594
597
599
985211
603
605
985211
610
985211
985211
613
985211
985211
985211
619
621
622
985211
623
625
626
628
629
630
985211
985211
985211
635
637
639
985211
985211
985211
985211
985211
985211
985211
985211
985211
985211
985211
985211
656
985211
659
985211
662
666
667
985211
669
985211
674
985211
676
985211
985211
681
985211
684
985211
687
985211
689
691
693
985211
700
985211
702
704
985211
985211
710
985211
712
713
714
716
717
985211
985211
985211
985211
985211
985211
985211
751
985211
985211
985211
765
985211
985211
985211
773
985211
985211
985211
985211
985211
985211
985211
985211
985211
985211
985211
985211
814
985211
817
985211
985211
844
985211
985211
985211
854
985211
985211
985211
985211
985211
985211
866
867
868
869
985211
872
985211
985211
985211
985211
985211
881
985211
985211
985211
985211
985211
897
985211
900
903
985211
985211
985211
917
985211
985211
922
925
985211
928
985211
985211
934
937
985211
985211
985211
950
985211
957
961
969
985211
985211
985211
987
985211
985211
985211
1003
985211
985211
1019
985211
985211
985211
985211
985211
985211
985211
985211
985211
985211
985211
985211
985211
985211
985211
1062
985211
985211
985211
1078
985211
1084
1085
1086
985211
985211
985211
1091
1097
985211
985211
985211
1101
1103
1105
1110
985211
985211
985211
985211
985211
985211
1122
985211
1126
1134
1137
985211
1139
1136
1143
985211
985211
1150
1151
1160
985211
985211
1163
1164
985211
1169
985211
985211
1176
985211
1185
1190
1195
1199
1204
1205
1206
985211
985211
985211
1213
1221
1222
1226
1227
985211
985211
985211
1234
985211
985211
1244
985211
985211
985211
985211
985211
985211
985211
1253
1256
985211
985211
1266
985211
985211
985211
1273
1274
1275
985211
1280
1289
985211
985211
1300
985211
1302
1303
1306
985211
985211
1309
1310
985211
1314
1323
1328
985211
1340
1341
1345
985211
1348
1353
1354
1358
985211
985211
1361
985211
985211
985211
1364
985211
985211
1369
985211
1372
1375
985211
1376
985211
1381
1379
985211
1389
985211
1393
985211
985211
1397
1399
