1
985211
4
985211
10
985211
14
985211
985211
985211
985211
985211
17
18
21
22
23
985211
27
29
985211
985211
35
37
39
985211
985211
41
45
47
985211
985211
985211
985211
985211
985211
63
985211
65
985211
68
985211
985211
71
76
78
985211
82
84
985211
985211
985211
104
105
106
985211
985211
985211
111
985211
114
985211
116
985211
119
985211
121
985211
124
125
985211
129
985211
130
985211
137
985211
985211
140
142
985211
144
985211
985211
985211
152
985211
156
157
985211
159
160
163
985211
165
985211
167
168
171
172
173
174
175
176
177
985211
985211
985211
985211
985211
183
187
188
985211
191
193
985211
197
985211
200
202
985211
985211
985211
208
985211
985211
985211
985211
214
213
218
985211
224
225
985211
228
230
231
236
985211
239
985211
985211
241
985211
244
245
985211
247
985211
985211
985211
985211
253
985211
260
985211
262
263
264
985211
985211
985211
274
985211
985211
985211
985211
985211
283
985211
285
286
985211
289
290
292
293
294
985211
297
985211
301
303
307
985211
985211
310
985211
985211
985211
985211
317
321
323
985211
985211
985211
338
341
342
985211
349
985211
352
985211
985211
361
362
363
364
366
367
985211
985211
985211
985211
375
985211
378
379
985211
985211
985211
985211
985211
985211
985211
396
399
985211
406
408
985211
985211
423
429
430
432
985211
985211
439
441
443
985211
445
985211
985211
985211
985211
985211
985211
985211
985211
466
470
985211
476
479
480
985211
985211
985211
985211
985211
985211
491
985211
985211
985211
985211
496
985211
498
985211
500
985211
985211
985211
985211
985211
506
985211
985211
985211
985211
518
985211
985211
524
525
526
985211
529
985211
985211
985211
535
985211
985211
540
541
542
985211
985211
985211
985211
985211
985211
985211
985211
985211
565
567
985211
985211
573
985211
985211
577
579
580
985211
985211
583
584
985211
586
588
589
985211
985211
985211
593
594
597
601
602
604
605
606
985211
607
985211
985211
614
616
985211
985211
985211
985211
985211
985211
985211
652
653
655
985211
659
661
665
985211
667
668
985211
671
985211
985211
674
675
676
677
679
678
680
681
985211
985211
686
687
688
691
985211
693
985211
696
698
699
700
702
704
705
707
985211
985211
725
726
728
730
985211
732
733
734
735
736
737
738
739
985211
742
743
744
745
985211
748
985211
758
759
761
762
763
985211
765
985211
985211
985211
985211
985211
985211
985211
985211
985211
985211
2128
815
985211
818
985211
824
985211
830
985211
832
834
985211
839
985211
985211
985211
985211
985211
985211
985211
846
847
848
985211
985211
854
855
857
985211
860
861
862
985211
865
866
868
869
870
871
872
985211
985211
886
890
985211
985211
985211
895
898
985211
901
903
905
985211
985211
985211
985211
915
985211
917
985211
920
985211
930
932
985211
985211
985211
985211
941
942
985211
950
985211
985211
955
958
985211
960
985211
985211
969
985211
985211
972
985211
976
985211
980
983
985211
985211
985211
985211
989
985211
985211
993
985211
996
985211
985211
1001
1003
985211
985211
985211
1008
1010
1011
1014
1017
985211
1019
985211
1021
1022
1023
1024
1025
985211
985211
1028
1030
985211
1033
985211
985211
985211
1038
985211
985211
1043
1044
1045
985211
1048
1049
1051
1052
985211
985211
985211
1057
985211
985211
985211
985211
985211
1064
985211
1066
985211
985211
985211
1080
985211
1083
985211
1085
985211
1087
1088
985211
1090
1092
985211
1094
985211
985211
985211
985211
985211
985211
985211
985211
985211
1112
985211
985211
1117
985211
1121
985211
985211
985211
985211
985211
985211
1147
1148
985211
985211
985211
985211
1155
1156
985211
1158
985211
985211
985211
1164
985211
1166
985211
1169
1171
985211
1172
985211
1176
985211
985211
1181
1186
985211
985211
985211
985211
1196
985211
1199
1200
1202
985211
1205
985211
1206
1207
1210
1212
985211
985211
985211
1222
1225
1227
985211
985211
985211
1233
985211
985211
985211
985211
985211
985211
1240
1241
985211
985211
985211
985211
1253
1256
1257
985211
1259
985211
1265
985211
1269
1270
1274
1275
985211
985211
1280
985211
1290
985211
985211
985211
1300
985211
985211
985211
985211
1316
985211
985211
985211
985211
985211
985211
1331
1332
985211
985211
985211
985211
985211
985211
985211
985211
1356
985211
985211
985211
985211
985211
985211
1377
1378
1379
1380
1381
985211
1385
985211
1387
985211
985211
985211
1391
1393
1394
1396
1397
985211
985211
1399
1400
985211
985211
1404
1405
985211
1406
1408
985211
1410
1415
985211
985211
985211
985211
1426
985211
1427
985211
1433
985211
1436
985211
985211
1444
1445
985211
1448
985211
985211
1456
985211
985211
1475
1476
985211
985211
1479
1480
1482
1483
1484
1486
1487
985211
1492
985211
985211
1496
985211
985211
1500
1502
1503
1504
985211
985211
985211
985211
1513
985211
1517
1518
1519
985211
1520
985211
1521
1524
985211
985211
1527
985211
1528
985211
985211
1536
1537
985211
1539
1541
1542
985211
1544
1545
985211
1548
985211
1553
1554
1555
1556
1557
985211
985211
985211
1563
1564
1565
1566
1568
985211
985211
1578
1579
1581
1582
985211
985211
1586
1587
985211
1589
985211
1593
985211
1597
1598
1601
1602
985211
1605
985211
985211
1609
1612
1613
985211
1618
985211
1621
985211
985211
985211
985211
985211
985211
1641
985211
1643
985211
1639
1646
985211
1650
985211
1654
1655
985211
1657
985211
985211
1664
985211
985211
985211
985211
1674
985211
1676
1677
985211
985211
1687
985211
1692
1694
985211
985211
1697
985211
1700
985211
1704
985211
1706
985211
1715
985211
985211
1721
1722
1723
1724
1725
985211
1728
985211
1730
1732
1733
1734
1735
1736
985211
1742
1748
1749
1751
1752
985211
985211
1754
1755
1756
985211
985211
1760
1788
985211
985211
985211
985211
985211
985211
985211
1801
985211
1805
985211
985211
985211
985211
985211
1817
985211
1821
1825
985211
985211
985211
1832
1837
1839
1847
985211
985211
985211
985211
1860
1861
1863
1864
1867
1870
1871
1872
1873
1875
985211
985211
1876
985211
1879
1880
1881
1886
1889
985211
1893
985211
985211
985211
985211
1912
1913
985211
1915
1917
985211
1919
1922
985211
1925
985211
1927
985211
1929
985211
985211
985211
985211
1937
985211
985211
1940
985211
1944
1946
1947
1949
1950
1951
1952
985211
1955
1957
985211
985211
1962
1963
985211
1965
985211
985211
985211
1969
1970
985211
1976
985211
985211
1984
985211
1989
985211
1997
985211
985211
2014
2016
2017
985211
2021
2022
985211
2024
985211
2025
2026
2027
2028
985211
985211
2032
2033
985211
985211
985211
985211
985211
2042
985211
2046
985211
2050
985211
985211
985211
2059
2061
985211
2066
2067
985211
2069
985211
985211
2072
2073
985211
985211
985211
985211
985211
985211
2085
985211
985211
985211
985211
985211
2099
985211
2105
985211
985211
985211
985211
985211
2115
2116
985211
985211
985211
985211
985211
985211
985211
985211
985211
985211
2139
985211
985211
985211
985211
2151
985211
985211
985211
985211
2157
985211
2159
2160
985211
985211
985211
985211
985211
985211
2175
2177
985211
985211
2183
985211
985211
985211
985211
985211
985211
985211
2197
2199
985211
985211
985211
985211
985211
985211
2217
985211
2218
2219
2220
985211
2224
2228
2230
985211
985211
2235
2238
2239
2240
2241
985211
2244
985211
2246
985211
2250
2252
985211
985211
985211
2256
2259
985211
985211
985211
985211
985211
985211
985211
2272
2273
2274
2276
2279
985211
985211
2283
2288
2289
2291
2293
2294
2295
2297
2298
985211
985211
2302
985211
985211
2305
985211
2307
2308
2310
2311
2312
2313
2314
2319
2320
2321
2322
2323
985211
2325
985211
2328
985211
985211
2330
985211
2338
2339
2341
2343
985211
2346
2347
2348
2350
2351
985211
985211
2354
2355
985211
2357
985211
2359
2361
2362
985211
985211
985211
985211
985211
2375
2376
2377
2378
2379
2380
985211
2382
2383
985211
985211
2390
2392
2393
2394
2396
2398
2399
985211
985211
2414
985211
985211
