8
985211
15
18
19
985211
21
33
985211
40
985211
985211
985211
47
985211
59
985211
985211
985211
985211
985211
83
85
985211
90
91
94
96
98
100
985211
985211
985211
111
985211
985211
985211
985211
176
985211
985211
985211
172
985211
173
985211
985211
176
985211
203
985211
985211
214
985211
985211
219
985211
985211
223
985211
985211
236
238
240
985211
243
985211
985211
985211
254
255
256
257
985211
985211
259
260
985211
267
279
985211
985211
985211
287
289
985211
295
297
299
306
307
308
985211
985211
985211
985211
985211
985211
985211
363
985211
366
985211
985211
372
380
985211
985211
985211
387
985211
390
396
985211
402
403
406
407
408
409
411
416
419
985211
985211
425
428
429
433
439
985211
985211
985211
985211
985211
985211
985211
456
458
459
462
463
985211
465
985211
985211
985211
481
483
484
485
486
487
488
985211
489
490
491
492
985211
497
498
499
985211
502
985211
985211
505
985211
508
511
985211
514
516
518
521
527
532
533
535
985211
539
540
541
543
548
985211
551
552
985211
557
985211
560
562
563
566
567
985211
985211
574
576
577
579
580
585
985211
588
985211
590
985211
594
985211
595
597
985211
985211
608
609
610
611
613
985211
985211
985211
985211
622
985211
623
985211
625
627
985211
632
633
638
639
985211
640
645
985211
985211
648
650
653
985211
658
985211
662
985211
985211
675
985211
985211
985211
985211
985211
985211
1537
1535
1534
1531
1530
1528
1526
1518
985211
1502
985211
1500
1499
1497
1496
985211
1491
1488
985211
985211
985211
985211
985211
1476
1470
985211
985211
985211
985211
985211
985211
985211
1461
985211
985211
985211
985211
985211
985211
985211
985211
985211
985211
1440
1438
985211
1430
985211
1429
1426
985211
1420
1416
985211
985211
985211
1407
985211
985211
1401
1399
1388
1387
985211
985211
1380
985211
1377
1376
985211
985211
985211
985211
1365
1360
985211
1357
1354
1350
985211
1344
985211
985211
1338
985211
985211
985211
1330
985211
1326
1324
985211
1322
985211
985211
985211
1313
985211
985211
985211
1310
985211
985211
985211
985211
1298
985211
1297
985211
1287
985211
1281
985211
1277
1273
1270
985211
1269
985211
985211
1266
1265
1263
1261
985211
1259
1257
985211
1256
1254
985211
985211
1249
1245
1244
1242
985211
1240
1238
1237
985211
1226
985211
985211
985211
985211
985211
985211
1206
985211
1201
1193
985211
985211
985211
985211
1181
985211
1177
985211
985211
985211
1170
985211
1166
985211
985211
1163
985211
985211
985211
985211
1149
985211
1147
1146
1144
985211
985211
985211
985211
985211
985211
985211
985211
985211
985211
1120
985211
985211
1111
1109
1106
1105
985211
1103
1099
985211
985211
985211
1093
985211
1095
1092
1090
985211
985211
985211
1081
985211
985211
985211
985211
985211
985211
985211
1070
985211
1064
1060
985211
1059
985211
1050
1046
1044
1043
985211
1038
1032
1028
985211
1021
985211
985211
1012
1009
1006
985211
985211
992
985211
990
987
985211
986
980
985211
985211
985211
985211
985211
985211
985211
985211
985211
985211
985211
985211
985211
985211
985211
927
925
985211
985211
920
917
985211
985211
915
914
911
910
907
906
905
903
902
900
899
893
886
985211
985211
887
985211
883
880
877
875
870
985211
985211
985211
985211
867
862
858
854
851
850
844
842
985211
985211
840
838
834
985211
830
826
825
821
820
819
816
814
985211
985211
809
985211
985211
985211
801
985211
798
797
796
985211
793
985211
790
985211
985211
774
985211
985211
985211
758
985211
985211
985211
985211
985211
743
985211
985211
985211
737
735
736
733
985211
985211
985211
985211
985211
718
985211
985211
985211
985211
709
985211
708
705
704
985211
701
697
985211
985211
985211
985211
985211
684
682
680
985211
678
985211
985211
1558
1555
1561
1563
1564
985211
1567
985211
1568
985211
985211
1575
985211
985211
985211
1583
985211
985211
1592
985211
1596
1597
1598
1599
985211
1604
1607
1609
1610
985211
1614
985211
1617
1618
985211
1623
985211
985211
985211
1636
985211
985211
985211
985211
1646
985211
1649
1653
1658
1656
985211
1663
1665
1667
1669
1676
985211
985211
1681
1683
1684
1688
1687
985211
1695
1697
1700
985211
985211
1709
1710
1712
1713
985211
985211
1717
1718
1722
985211
1726
985211
1728
985211
985211
1733
985211
1734
1736
985211
1738
1739
1740
1741
985211
985211
1746
1743
985211
985211
985211
1756
985211
1760
985211
1767
985211
985211
1773
1775
1776
985211
1778
1779
985211
1780
985211
1784
985211
1791
1793
985211
1796
985211
1798
985211
985211
985211
985211
985211
985211
985211
1813
985211
985211
1827
1830
985211
985211
985211
985211
985211
1839
1842
985211
1847
1849
1853
985211
985211
1861
985211
985211
985211
1871
1873
985211
985211
985211
985211
985211
985211
1887
1886
985211
1891
985211
1893
985211
985211
1910
985211
985211
1914
985211
1919
985211
985211
1924
985211
1927
1930
1933
985211
985211
985211
1936
1937
1939
1940
1942
1943
1948
985211
985211
1966
985211
985211
985211
1978
985211
1984
1985
1986
1988
1989
985211
1990
985211
985211
1997
985211
2000
985211
985211
2007
985211
2011
985211
2014
985211
2017
985211
2020
2022
985211
2026
985211
2029
2030
2031
2032
985211
985211
985211
985211
2056
985211
985211
2057
985211
2060
985211
985211
2066
2069
985211
2072
985211
2074
2078
985211
2080
2084
2085
2086
2087
985211
2098
985211
2101
2102
985211
2106
2108
2114
2116
985211
2119
985211
2122
985211
985211
985211
2138
985211
985211
985211
985211
985211
2154
985211
2156
985211
985211
2159
985211
985211
985211
985211
985211
2165
985211
985211
985211
985211
2177
2179
985211
985211
2186
985211
2187
985211
985211
2194
985211
1736
2201
985211
985211
2205
2207
985211
2210
2213
2215
985211
2218
2219
985211
985211
2223
985211
985211
2239
985211
985211
985211
985211
985211
2257
985211
985211
985211
985211
985211
2270
2271
985211
2277
985211
2278
985211
985211
985211
2285
2289
985211
2290
985211
985211
2294
2296
985211
2304
2306
985211
985211
985211
985211
2320
985211
2323
2325
2328
2329
2330
2332
2334
2335
2338
2339
2340
2347
985211
985211
2354
985211
2356
985211
2359
2361
2363
985211
985211
2366
2370
985211
2374
2375
985211
2381
2382
2383
2385
2386
985211
2388
2390
985211
2392
985211
985211
2396
985211
2398
2401
985211
2406
985211
2408
2409
985211
2412
985211
985211
985211
985211
985211
2417
2418
2419
2421
2422
2424
2425
985211
2429
985211
2432
2433
2436
2435
2437
2438
2439
985211
2443
2444
2445
2446
2448
2450
2451
2452
2454
2455
2456
2458
2459
2460
2461
2467
2468
985211
2470
985211
2472
2473
985211
985211
985211
2476
2477
985211
985211
2484
