8
9
11
13
985211
28
985211
985211
985211
985211
985211
985211
35
45
46
47
985211
50
53
985211
55
62
985211
65
985211
67
71
72
76
985211
985211
90
985211
985211
93
985211
985211
985211
985211
108
985211
112
117
985211
118
985211
985211
120
985211
985211
985211
130
131
133
138
985211
985211
149
985211
154
156
985211
985211
160
985211
165
166
168
169
985211
985211
985211
985211
179
985211
985211
186
188
985211
985211
985211
204
985211
206
207
209
985211
212
213
215
216
219
220
223
985211
229
985211
233
985211
239
240
985211
985211
245
985211
248
985211
985211
254
256
985211
259
261
264
985211
985211
279
985211
985211
284
985211
985211
290
291
985211
985211
297
299
985211
305
307
309
985211
313
314
985211
985211
985211
319
321
985211
322
985211
324
985211
985211
985211
330
985211
985211
985211
985211
344
349
985211
985211
985211
354
985211
364
985211
985211
371
372
985211
985211
384
985211
386
985211
389
390
391
985211
394
395
397
985211
401
402
404
985211
985211
985211
985211
985211
985211
985211
421
985211
985211
425
985211
428
985211
431
432
433
436
437
985211
442
985211
985211
985211
450
447
985211
985211
451
452
985211
455
456
457
458
985211
985211
985211
985211
985211
985211
985211
475
985211
985211
985211
985211
985211
985211
487
488
985211
490
491
493
985211
985211
985211
985211
501
985211
985211
985211
514
985211
985211
985211
985211
521
523
985211
985211
526
529
985211
985211
985211
545
985211
985211
548
549
985211
985211
985211
556
985211
985211
985211
985211
985211
561
985211
563
985211
985211
985211
576
579
581
985211
587
588
589
590
592
595
596
597
599
604
605
606
618
985211
625
985211
628
985211
631
632
633
637
985211
644
985211
646
647
985211
985211
985211
653
985211
985211
662
985211
985211
668
663
985211
670
671
985211
985211
689
701
985211
985211
985211
985211
985211
714
985211
716
717
718
985211
721
722
723
724
985211
731
985211
742
744
985211
746
747
748
749
750
752
753
754
755
757
759
761
985211
985211
985211
771
985211
773
775
776
985211
781
985211
985211
985211
785
787
786
985211
788
790
791
792
985211
800
985211
985211
985211
985211
985211
822
827
829
985211
985211
985211
834
835
836
837
838
985211
841
842
843
844
845
846
985211
849
985211
985211
854
855
857
985211
860
863
862
864
865
985211
985211
869
871
872
985211
874
875
985211
985211
985211
880
985211
882
883
885
887
890
891
985211
893
894
895
985211
903
985211
985211
985211
985211
985211
908
909
910
913
916
985211
918
920
922
923
924
926
985211
929
930
932
985211
985211
985211
985211
985211
935
936
937
985211
985211
944
945
947
948
951
950
985211
985211
954
985211
985211
957
985211
960
961
962
969
970
985211
972
973
985211
975
980
981
985211
983
984
985
986
987
988
989
990
985211
985211
996
985211
998
999
1000
1002
1003
985211
1007
1009
985211
1010
985211
1012
1013
1014
1019
985211
1020
1021
985211
985211
985211
1029
1032
1033
1035
985211
1042
1043
985211
985211
1046
1047
1051
1052
1054
1056
1057
1060
985211
1062
1063
985211
1066
985211
1072
985211
1074
1075
1076
1077
1078
1079
985211
985211
1083
1085
1086
1087
985211
1088
1090
1091
1093
985211
985211
1096
985211
985211
985211
1101
1103
1105
1108
1109
1111
1112
1113
985211
1116
1117
1119
1122
985211
1124
1125
1129
1131
985211
985211
985211
1133
1137
985211
985211
1142
1144
985211
1151
1152
1154
1155
1156
1157
1161
1164
985211
985211
1171
985211
1176
1178
1179
1177
1180
985211
985211
985211
985211
1183
1184
1185
1187
985211
1192
985211
1196
1201
1203
1205
1207
1209
985211
985211
1213
985211
985211
1217
985211
1219
985211
1220
985211
1223
1225
985211
1229
1230
1231
985211
985211
1233
985211
985211
1235
985211
1237
1238
985211
1240
1242
1244
985211
1247
985211
1249
1250
1251
1252
1255
1258
1256
1260
985211
1262
985211
1265
1266
1267
1268
1275
985211
1277
985211
1279
1280
985211
1281
1284
985211
985211
1289
1290
1291
985211
985211
1295
1301
985211
1305
1306
1307
1309
1310
1311
1312
985211
985211
1315
1317
985211
1319
1320
985211
985211
985211
1325
985211
985211
985211
985211
1334
985211
1337
1338
1340
985211
1343
1344
1346
1347
1348
1350
1351
1353
1354
1358
1362
1366
985211
1368
985211
985211
985211
1380
1381
1382
1383
1385
1386
1389
1390
1392
1393
985211
1396
1397
985211
1402
1403
985211
985211
985211
1412
985211
985211
985211
985211
1416
1417
985211
1418
1420
1421
1422
985211
1423
1427
1431
1435
985211
1441
985211
1444
1445
985211
1448
985211
1454
985211
985211
1464
1468
1470
1472
1478
985211
985211
1486
1488
1489
985211
985211
985211
985211
985211
985211
1502
985211
1506
1507
1509
985211
1511
985211
985211
985211
1536
985211
985211
985211
1545
1550
985211
1556
1557
985211
985211
985211
985211
985211
985211
985211
985211
985211
985211
1586
1587
985211
985211
1592
1597
985211
1599
985211
1603
1606
985211
985211
1615
1619
985211
985211
985211
1627
985211
985211
1632
1634
985211
985211
985211
1641
1642
985211
985211
1648
1649
1650
1654
1655
985211
985211
985211
985211
1660
1663
1666
1675
1676
1677
1679
985211
985211
985211
985211
1690
985211
1695
985211
985211
1698
985211
985211
985211
985211
1708
1710
1713
1714
985211
1717
985211
985211
1727
1732
1737
985211
1741
985211
985211
1745
985211
985211
1754
985211
985211
1764
985211
1768
1769
1772
1773
985211
985211
1775
1777
1778
1781
1782
1785
1786
985211
1789
985211
1801
1803
985211
1808
985211
985211
985211
985211
985211
1825
985211
1830
985211
1833
985211
1837
1838
985211
1845
985211
1847
1848
1849
985211
985211
985211
985211
985211
1855
985211
1862
985211
985211
1869
985211
985211
1871
985211
1873
1874
1875
1877
1878
985211
985211
1880
985211
1884
985211
1888
1892
985211
1894
985211
985211
985211
985211
1901
985211
1903
985211
985211
985211
1920
985211
985211
985211
985211
1933
1937
985211
1940
1941
985211
1948
1949
985211
1951
1952
1955
985211
1961
985211
985211
1965
1966
1967
985211
1969
985211
985211
1972
1974
985211
1976
1982
1984
1988
985211
985211
985211
2001
985211
2006
985211
2008
2010
2011
985211
2021
2020
985211
985211
985211
985211
985211
2032
985211
2034
985211
985211
2041
2042
985211
2044
2047
2050
2051
985211
985211
985211
2060
985211
2063
985211
2065
985211
985211
2071
985211
2079
985211
985211
2085
985211
2089
985211
2092
985211
985211
2098
2100
2101
2102
2103
2105
2106
2108
2110
2111
2112
2114
2115
985211
985211
2120
985211
2125
985211
985211
2129
2131
2132
985211
985211
2134
985211
2137
2139
985211
2147
2149
2151
2152
2153
2154
985211
985211
985211
985211
985211
985211
985211
985211
985211
2185
2188
985211
985211
985211
2198
985211
2201
2202
985211
2205
985211
2208
2206
2213
2215
2216
985211
2218
985211
2220
2221
2222
2223
2224
985211
2228
2229
985211
985211
985211
985211
985211
2239
2240
2243
985211
2245
2249
2250
2252
985211
985211
2256
985211
985211
985211
2266
985211
985211
985211
985211
985211
985211
985211
985211
2282
2284
985211
2286
985211
2293
2294
2297
2298
2302
985211
2306
2307
985211
985211
2313
985211
2316
2318
2321
2322
985211
2328
2329
2330
985211
985211
2337
985211
2339
2345
2347
985211
985211
985211
985211
985211
2354
985211
985211
2360
2365
2366
2368
2369
985211
2372
2373
985211
2374
985211
2377
2378
2379
985211
2384
2385
985211
985211
985211
2391
2394
2398
2399
985211
985211
2405
985211
2409
2410
2412
985211
2415
2418
985211
2420
2421
2422
2429
2437
2438
2440
985211
2445
985211
985211
985211
2461
985211
2466
985211
2470
985211
2479
2485
2486
2489
985211
985211
2495
985211
2499
985211
2502
985211
985211
2507
2508
2509
985211
2510
985211
985211
985211
2518
2523
2524
985211
985211
2526
985211
985211
2529
985211
2536
2537
985211
2540
2541
2542
2545
985211
2548
985211
985211
985211
985211
985211
2568
2571
2572
2574
2578
2583
2589
985211
2592
985211
2596
985211
985211
2599
985211
2602
2603
985211
2607
2609
985211
985211
2612
985211
985211
985211
2618
2626
2628
2629
985211
985211
2635
985211
985211
985211
985211
985211
2643
985211
985211
985211
2654
985211
2659
985211
985211
2664
985211
2670
2672
2675
985211
985211
985211
985211
2682
985211
985211
2684
2685
2690
985211
985211
985211
2701
985211
985211
2709
985211
985211
985211
2713
2716
2721
985211
985211
985211
2730
985211
2734
2736
2738
2739
985211
2741
2745
985211
985211
2752
2756
2758
2759
985211
985211
985211
985211
2774
2775
2778
2786
985211
2790
985211
2788
2794
2795
985211
2797
985211
985211
985211
985211
2806
985211
985211
985211
2818
985211
2820
985211
985211
2826
2829
2830
2831
985211
985211
2838
985211
985211
2842
985211
2845
985211
985211
985211
2852
2854
2859
985211
2870
2871
2873
2874
2875
2876
2877
2878
2879
2881
985211
2884
2886
2888
2891
2894
2903
985211
2905
985211
985211
2909
2920
985211
985211
2934
2935
985211
985211
2945
985211
985211
2953
985211
2959
2961
985211
985211
985211
2971
2973
2977
985211
985211
2984
985211
2996
985211
2999
3000
985211
3007
3010
3022
3029
3030
3031
985211
3035
3049
3050
3052
985211
3055
3056
