2
4
985211
7
985211
985211
985211
15
985211
18
19
21
985211
22
24
985211
985211
985211
985211
985211
60
985211
985211
985211
76
80
985211
83
985211
985211
87
985211
95
96
97
100
985211
109
110
112
115
117
985211
120
985211
985211
985211
985211
985211
134
985211
146
985211
152
153
154
155
156
158
985211
985211
985211
985211
985211
985211
985211
985211
187
985211
985211
196
199
200
202
985211
204
985211
206
985211
208
209
212
985211
985211
220
985211
985211
223
985211
985211
229
231
234
985211
985211
237
985211
985211
244
985211
985211
985211
256
985211
260
261
264
265
266
272
985211
276
279
281
282
985211
985211
287
291
985211
295
297
299
301
985211
985211
308
985211
985211
312
985211
985211
314
316
320
985211
985211
985211
985211
337
985211
343
985211
348
985211
985211
359
360
361
985211
985211
985211
366
985211
985211
372
379
985211
385
389
985211
392
985211
985211
985211
985211
398
985211
985211
403
406
985211
985211
985211
412
985211
985211
415
420
421
424
985211
985211
985211
433
434
436
985211
444
447
985211
985211
985211
985211
985211
454
985211
456
985211
985211
1328
985211
1327
985211
1326
985211
985211
1312
985211
985211
1306
985211
985211
985211
985211
985211
1294
985211
985211
1281
985211
985211
985211
1276
1269
1268
1266
1265
1262
1259
1248
985211
1247
1245
1243
1244
1240
985211
1235
1234
1233
985211
985211
985211
1219
1218
1213
985211
1211
985211
1210
985211
1207
1204
985211
985211
985211
1202
1197
1196
985211
985211
1195
1187
985211
1185
1183
985211
985211
985211
985211
985211
985211
1168
985211
985211
1167
1165
985211
985211
1160
985211
1159
985211
1157
985211
1154
985211
1149
985211
1152
1151
1147
1145
1141
1140
1138
1137
1136
1134
1132
1131
985211
1129
1128
1127
985211
1124
1123
1122
1121
1119
985211
1116
1109
1106
985211
1102
1104
1100
1098
985211
1094
985211
985211
1091
1090
1088
1085
1081
985211
1076
985211
1072
985211
985211
985211
1068
1067
1066
1063
1061
985211
1057
985211
1056
985211
1049
985211
985211
985211
985211
1040
985211
1043
985211
985211
985211
985211
985211
985211
1022
985211
1018
1015
985211
1014
985211
1011
1010
985211
1005
985211
1001
1000
985211
997
994
990
985211
984
985211
982
981
980
975
974
985211
985211
985211
968
985211
967
966
985211
961
985211
985211
985211
953
941
945
985211
985211
933
985211
929
921
985211
985211
917
985211
985211
985211
903
985211
985211
985211
795
796
886
885
883
884
881
879
878
985211
873
985211
864
869
859
857
854
985211
985211
826
827
828
985211
985211
985211
985211
985211
985211
985211
809
985211
985211
985211
901
985211
985211
985211
985211
985211
782
781
779
778
985211
771
985211
985211
761
758
759
755
985211
747
985211
730
726
985211
723
720
985211
985211
717
985211
716
985211
712
711
709
985211
985211
985211
985211
691
985211
985211
985211
985211
985211
985211
985211
985211
658
653
985211
985211
650
985211
643
985211
985211
985211
985211
631
985211
985211
985211
985211
985211
614
609
985211
985211
603
985211
985211
600
985211
985211
589
985211
579
985211
571
568
985211
985211
562
985211
985211
985211
553
985211
549
985211
541
985211
985211
985211
534
985211
531
985211
524
985211
985211
985211
985211
985211
985211
511
985211
985211
985211
985211
985211
985211
985211
985211
492
985211
985211
488
985211
478
473
985211
471
469
985211
985211
985211
985211
985211
1339
985211
1336
985211
1356
985211
1367
1370
1371
1377
1380
1381
1382
1383
1385
985211
985211
985211
1393
985211
985211
985211
985211
985211
1408
1410
1411
1412
1414
1413
1416
985211
985211
1431
985211
985211
1437
985211
1440
985211
1444
1445
1447
985211
1450
985211
1454
985211
985211
985211
985211
1465
985211
985211
985211
985211
985211
985211
1481
985211
1486
1487
985211
1490
1491
985211
1497
985211
1499
1501
1503
1505
1507
1508
1510
1512
1514
985211
985211
985211
1520
1521
1522
1524
1526
1527
1528
1529
1531
985211
1538
985211
985211
1551
1552
985211
1554
985211
1562
1563
1566
1570
1575
1576
985211
985211
985211
985211
1583
985211
985211
1587
1588
985211
985211
985211
985211
1594
1597
1600
985211
985211
1604
1605
985211
1607
1608
985211
1609
1610
1611
985211
985211
1615
985211
985211
1617
985211
1625
985211
1627
1630
1632
1636
1641
1646
1648
985211
1651
1652
1653
985211
1659
1660
985211
1663
1664
1667
1668
1669
1670
1672
985211
985211
985211
985211
1678
1680
985211
985211
1688
985211
1691
985211
985211
1696
985211
985211
1698
1699
1700
1705
1704
1706
1707
1708
1709
1711
1712
985211
1714
1715
1717
985211
1718
1719
1722
985211
985211
985211
1726
1727
1731
1732
1736
1739
1738
1740
1742
1744
1748
985211
985211
985211
1756
1757
1759
985211
1762
1763
1765
1766
985211
1768
985211
1771
1774
985211
1773
1777
1778
1779
1780
1782
1784
1787
985211
1793
985211
985211
1796
1795
985211
1799
985211
1803
1804
1805
1807
1808
985211
985211
1811
1814
1815
1816
1817
1818
1819
1820
1821
1822
1823
1824
1826
1827
1828
1830
985211
985211
1833
1835
985211
1836
1837
985211
1839
985211
985211
985211
1850
985211
1852
985211
985211
1857
1859
985211
985211
985211
985211
1862
1863
1864
1867
1868
1870
985211
1873
985211
1878
985211
1879
1881
1882
1883
1884
1885
1886
1888
985211
1889
1894
1897
985211
985211
985211
985211
1907
985211
985211
985211
985211
985211
985211
985211
1924
985211
985211
1927
985211
1929
1932
1935
1937
985211
1939
985211
985211
1944
1946
985211
985211
1949
985211
1952
985211
1958
1959
985211
1963
1965
1966
985211
985211
985211
985211
1980
1981
1982
1984
985211
1987
1988
985211
985211
1994
985211
985211
1997
1998
2001
985211
985211
2004
2009
2011
985211
2014
2017
2019
2021
985211
2024
985211
2027
2028
2030
2032
2033
985211
985211
2040
2042
2044
2047
2052
985211
2056
2059
985211
2061
2067
2068
985211
2071
2072
2073
2074
985211
2078
985211
2079
985211
2081
985211
2084
985211
2086
985211
2090
2091
2092
985211
985211
985211
985211
2102
985211
985211
2109
2113
985211
985211
985211
2120
2123
985211
2125
985211
2128
2129
2133
985211
2137
985211
2139
985211
2140
2141
2142
2143
2144
2145
2146
985211
985211
985211
2154
2160
2161
2162
985211
2167
2170
985211
2172
985211
2176
985211
2178
2180
2185
985211
985211
2191
2193
2194
2196
2197
985211
985211
2200
2203
985211
2208
985211
2211
985211
2214
2215
2217
2219
2220
2224
985211
2232
985211
985211
2242
985211
2246
985211
985211
2252
2258
985211
2263
2265
2266
985211
2267
2268
985211
985211
2274
985211
2276
985211
985211
2283
2284
2285
985211
2289
2290
2292
2294
985211
985211
2298
2299
985211
2304
985211
985211
2307
985211
2309
2312
985211
985211
985211
985211
985211
985211
