985211
3
985211
8
11
14
15
16
17
985211
23
24
26
28
34
33
36
40
42
45
46
985211
66
69
70
71
72
985211
73
74
985211
77
985211
89
93
985211
97
985211
985211
106
985211
108
109
110
111
985211
115
985211
118
121
123
128
131
985211
138
139
985211
985211
985211
985211
985211
147
148
150
151
985211
985211
156
157
985211
158
985211
985211
161
162
163
166
168
985211
172
174
175
176
177
179
180
985211
183
185
186
187
985211
189
190
191
192
193
194
985211
196
985211
198
201
203
206
985211
985211
211
212
213
214
215
218
219
985211
985211
221
224
227
229
985211
230
232
985211
241
985211
243
244
985211
985211
985211
248
985211
985211
985211
985211
256
985211
985211
985211
264
265
268
985211
985211
277
985211
295
985211
298
300
985211
985211
985211
304
985211
985211
310
315
317
318
985211
319
325
328
985211
985211
348
985211
985211
355
985211
985211
359
361
362
364
985211
985211
368
369
370
372
374
985211
985211
377
985211
379
985211
382
386
985211
985211
985211
392
393
985211
397
398
399
985211
402
985211
406
985211
405
411
412
413
415
985211
985211
985211
985211
985211
985211
985211
427
985211
428
985211
985211
985211
985211
985211
444
445
448
985211
985211
453
456
985211
458
461
985211
464
985211
469
472
985211
985211
476
985211
479
985211
482
486
487
985211
985211
985211
985211
491
985211
985211
505
506
985211
510
985211
514
515
517
516
519
521
522
523
524
526
530
532
985211
536
537
985211
539
540
985211
985211
544
985211
985211
985211
560
561
565
985211
568
985211
571
985211
985211
985211
985211
985211
985211
985211
985211
985211
589
592
593
596
985211
1665
985211
1659
985211
1654
1651
1647
985211
985211
1643
985211
1634
985211
985211
1631
1622
985211
985211
1612
985211
985211
985211
1610
1605
985211
1601
985211
985211
985211
1595
985211
1583
985211
985211
985211
985211
1572
985211
1560
1555
1556
1551
1550
985211
1548
1547
1546
1545
1543
1542
1540
1538
1536
1535
985211
1531
1530
1529
985211
1528
1527
1524
985211
1522
1523
1521
1520
1518
1517
985211
1514
1512
1511
1510
1508
1505
985211
985211
985211
1504
1503
1502
1501
1500
1499
985211
1498
1495
1493
985211
985211
1488
985211
985211
1483
985211
1481
1482
985211
1480
985211
985211
985211
985211
1476
1475
1473
1472
985211
985211
1467
1465
1464
985211
1463
1462
1458
1456
1455
985211
1454
1453
1452
1450
985211
1448
985211
985211
1434
1433
985211
985211
1429
985211
985211
1426
1425
985211
1422
985211
1420
1419
1416
1415
1411
1410
1407
1406
985211
1401
1399
1398
985211
985211
1394
1390
1386
1384
1383
1381
985211
985211
985211
1374
1371
1369
1368
1365
1364
1362
1361
1359
1358
1356
1355
1354
1348
985211
985211
1347
985211
1341
985211
1342
1336
1326
1329
985211
1320
1325
1323
985211
1318
1316
985211
985211
985211
985211
1310
1309
985211
1303
985211
1297
1296
1294
1292
1289
985211
1287
1286
1285
985211
1284
1283
1282
1280
1279
1278
985211
1276
1275
1274
1272
985211
985211
985211
1267
1266
1265
1263
985211
1260
1259
985211
1258
1256
1254
1253
1252
1250
985211
985211
1241
1240
1237
1235
1234
1233
1232
985211
1228
1225
1223
1222
1220
1217
985211
1210
1207
985211
1201
1199
1198
1196
985211
1195
1193
1190
1185
985211
1183
1182
1181
1180
985211
1179
1176
985211
985211
985211
1170
1169
985211
1166
985211
1164
985211
1160
1158
985211
1155
1150
985211
985211
985211
1149
1147
985211
1140
985211
1139
985211
1136
1135
1134
1133
1132
1131
1128
1125
985211
985211
1120
1117
1116
1109
1111
985211
985211
985211
1108
1107
1103
1102
1101
1100
1099
1094
985211
1093
985211
1090
1089
1087
1085
1084
1083
1080
1079
1077
985211
1070
1069
1068
985211
1063
1064
1061
1060
985211
1059
1058
1057
1056
1053
1051
1047
985211
1038
1036
1033
985211
1030
985211
1025
1023
1019
985211
985211
1014
1013
1009
1004
985211
1001
998
995
985211
985211
980
985211
979
977
985211
968
985211
966
964
960
985211
985211
954
985211
985211
946
944
985211
938
985211
937
936
985211
934
985211
929
985211
985211
915
906
985211
985211
908
985211
985211
985211
985211
904
985211
894
985211
891
985211
886
985211
985211
985211
879
985211
877
873
867
985211
985211
985211
985211
985211
985211
985211
985211
985211
985211
985211
985211
864
985211
985211
985211
835
985211
985211
830
985211
821
985211
985211
819
985211
985211
813
807
985211
985211
985211
985211
792
985211
985211
780
985211
775
985211
985211
767
985211
763
985211
758
756
745
985211
744
742
736
985211
725
985211
985211
723
985211
985211
718
716
714
985211
710
705
985211
701
700
696
694
692
691
985211
690
685
985211
676
675
985211
985211
662
985211
985211
985211
656
655
654
985211
985211
985211
644
985211
985211
637
635
628
623
617
985211
616
612
611
985211
606
605
604
603
601
985211
600
599
598
985211
1674
985211
1677
985211
985211
1688
985211
985211
1696
985211
1699
985211
985211
985211
1706
1707
1714
1721
985211
1731
1732
1733
1734
985211
1742
985211
985211
1748
1750
985211
985211
1752
1756
1761
1765
1767
985211
985211
1771
1774
1775
1776
1779
985211
985211
1781
1787
985211
1789
985211
1792
1794
985211
985211
1800
985211
1805
985211
1807
1809
1811
1814
1816
1818
985211
985211
1837
985211
1843
1846
1849
1850
1851
1853
985211
985211
985211
1867
985211
985211
985211
1874
1875
985211
985211
1883
985211
985211
985211
1887
1890
985211
985211
985211
1901
985211
985211
985211
1908
1910
985211
985211
985211
985211
1921
1924
1925
1927
985211
985211
1931
985211
1934
1941
1942
1948
985211
985211
985211
1958
985211
1960
1961
1962
985211
1966
1967
1968
985211
985211
1982
1983
1984
985211
1987
985211
985211
1989
985211
985211
1997
2002
985211
2009
985211
2023
2025
2026
2027
2028
985211
985211
985211
985211
985211
2046
985211
985211
985211
2052
985211
985211
985211
985211
985211
985211
2070
985211
2074
2076
985211
985211
2084
2089
985211
985211
985211
985211
985211
985211
985211
2098
985211
2102
2103
2104
2105
985211
2108
985211
985211
985211
985211
985211
985211
985211
985211
985211
2118
2119
985211
2122
985211
985211
2126
2127
2129
2130
2132
985211
2137
2140
985211
2145
2147
985211
2155
985211
985211
985211
985211
985211
985211
985211
985211
985211
985211
985211
985211
985211
2172
985211
985211
985211
2180
2182
2183
2184
2185
2186
985211
985211
985211
985211
2191
985211
2195
985211
985211
2202
2203
985211
2205
2206
2207
2209
985211
2211
2215
985211
2218
2219
985211
985211
985211
2226
2227
2230
985211
2232
2233
985211
985211
985211
985211
2241
2246
2248
2249
2250
985211
985211
2258
2260
985211
2264
2269
985211
2274
2279
2278
2280
2281
2282
2284
2285
2289
2293
985211
2297
985211
2301
2302
2303
2304
985211
985211
985211
2312
2315
985211
2319
2320
2322
2325
2330
2331
2332
2336
985211
985211
985211
985211
2343
2345
985211
2352
2354
985211
2356
2357
985211
2360
2361
2364
985211
985211
985211
2368
985211
2372
985211
985211
2376
985211
2379
2380
2382
2383
2384
2387
2388
2389
2391
2393
2395
985211
2397
985211
985211
2402
2405
2406
985211
2410
2411
985211
985211
2413
985211
985211
2417
985211
2419
2420
2423
985211
2425
2427
2428
2432
2433
2436
985211
985211
985211
2439
2442
2443
985211
985211
985211
985211
2449
985211
2454
2458
2461
2463
2467
2469
2470
985211
2475
2476
2478
2477
2479
2481
2482
985211
2485
2486
2487
985211
2489
985211
985211
2492
2494
2495
2497
2498
2499
2500
2501
2502
2506
985211
2514
985211
985211
2521
985211
2542
985211
985211
2558
2559
985211
985211
2563
2565
985211
2569
2571
2572
985211
985211
2575
2577
2579
985211
2581
985211
2584
985211
985211
2587
985211
985211
985211
985211
2598
985211
2603
985211
2608
2610
985211
2612
2613
985211
2617
985211
985211
2622
2623
2624
985211
985211
985211
985211
2633
985211
2635
2636
2639
2641
2642
985211
2645
985211
2648
985211
2651
2652
2655
2656
985211
2663
2665
985211
985211
2671
2672
985211
2673
985211
2679
2682
2683
2684
985211
2687
985211
985211
2692
2694
2695
2699
2700
985211
2704
985211
985211
2708
2710
2712
2714
2713
2715
985211
2719
2720
985211
985211
2726
2727
985211
985211
2733
2735
985211
2737
2738
2739
2742
985211
2743
2745
2746
985211
2750
2752
985211
985211
2756
985211
985211
2761
2763
2764
985211
2769
2770
2771
2772
2773
2776
2778
2782
985211
2783
2791
985211
2797
985211
2811
985211
985211
2815
2817
985211
985211
2821
2826
985211
985211
985211
985211
985211
985211
985211
985211
985211
985211
2891
985211
2896
985211
2902
985211
2921
2924
2927
985211
2933
985211
985211
985211
2939
985211
985211
985211
985211
2974
985211
985211
985211
2978
2980
2983
2985
2986
985211
2993
2992
2997
985211
3012
985211
3018
3020
3021
985211
3023
985211
3025
985211
3027
985211
985211
3028
3035
3037
985211
985211
985211
3044
985211
3045
985211
985211
