985211
985211
985211
985211
985211
985211
985211
985211
985211
985211
985211
985211
985211
985211
985211
985211
985211
985211
985211
985211
985211
125
985211
985211
985211
150
149
148
147
985211
985211
985211
169
985211
985211
985211
985211
183
985211
985211
184
191
193
194
196
985211
985211
985211
985211
985211
985211
985211
985211
985211
985211
985211
985211
985211
985211
985211
985211
985211
985211
985211
985211
985211
985211
985211
985211
985211
985211
985211
985211
985211
985211
985211
985211
985211
985211
985211
985211
985211
985211
985211
985211
985211
985211
985211
985211
985211
985211
985211
985211
985211
985211
985211
985211
985211
985211
985211
985211
985211
985211
283
985211
287
985211
985211
985211
985211
985211
299
303
305
985211
317
985211
320
985211
985211
985211
985211
358
985211
985211
985211
985211
985211
985211
393
985211
985211
425
427
985211
430
431
434
985211
437
985211
985211
440
985211
985211
985211
467
469
985211
473
985211
480
985211
485
486
490
492
493
494
985211
495
985211
498
499
500
985211
985211
985211
516
518
520
985211
985211
522
985211
985211
985211
985211
533
985211
542
547
985211
985211
985211
985211
555
556
985211
564
568
985211
571
985211
985211
985211
585
588
591
985211
595
985211
601
985211
605
985211
612
985211
619
985211
621
622
624
625
626
629
985211
985211
634
636
985211
640
641
985211
643
644
645
646
647
649
985211
652
985211
654
656
985211
985211
665
985211
985211
670
985211
673
674
985211
985211
677
678
985211
680
682
683
985211
688
985211
985211
985211
985211
985211
985211
985211
985211
985211
985211
985211
985211
695
699
702
703
985211
706
985211
710
711
985211
713
985211
717
720
985211
722
985211
985211
985211
985211
985211
734
985211
738
985211
739
740
985211
743
985211
746
747
748
985211
750
751
985211
985211
754
985211
985211
985211
985211
985211
985211
985211
985211
985211
985211
768
985211
771
772
773
774
775
985211
777
985211
781
785
789
791
792
985211
794
795
985211
985211
985211
804
985211
985211
985211
985211
985211
813
814
815
816
818
985211
826
985211
831
833
985211
836
838
840
844
985211
985211
985211
985211
985211
985211
861
985211
985211
985211
873
874
875
876
985211
985211
882
985211
887
892
985211
896
985211
985211
985211
900
985211
902
904
985211
907
985211
911
912
914
985211
917
985211
919
985211
921
985211
985211
928
985211
931
932
985211
985211
935
985211
940
943
945
946
985211
951
955
957
985211
961
963
985211
985211
985211
972
973
985211
985211
981
985211
986
985211
987
985211
988
985211
985211
985211
992
995
985211
985211
1007
985211
1012
1013
1017
1016
1021
1022
1023
985211
1025
1027
1030
985211
985211
1034
985211
1036
1042
985211
1054
985211
985211
1060
1067
985211
1070
985211
1074
1081
1087
985211
985211
1097
1103
1101
1107
1110
985211
1112
985211
985211
985211
985211
985211
985211
1117
985211
985211
1124
1125
1127
985211
985211
1134
985211
1142
985211
985211
1144
985211
985211
1164
985211
1169
985211
985211
985211
985211
1182
985211
1189
1193
1194
1195
1196
1197
1201
985211
1203
1204
1206
1208
1210
1211
985211
985211
1214
985211
1215
985211
985211
1219
985211
1221
985211
985211
985211
985211
1228
1232
985211
1234
985211
1238
1241
1242
1244
1246
1249
1251
985211
1253
985211
1256
1257
985211
1261
1262
1263
1267
1269
1270
1272
1273
985211
985211
985211
1275
1280
985211
1283
1285
1286
985211
985211
1289
985211
1293
1294
985211
985211
985211
985211
1299
985211
1301
1302
1304
985211
985211
985211
985211
1316
1318
1320
985211
985211
1322
985211
1328
985211
1330
1331
1334
1335
985211
1337
1339
985211
985211
1341
1345
985211
1351
985211
985211
1354
985211
985211
1358
985211
1360
985211
1367
985211
985211
1378
985211
1384
1386
1388
1391
1390
985211
985211
1397
985211
985211
1399
985211
985211
985211
1404
1407
985211
1409
985211
985211
985211
1417
985211
1421
985211
985211
1431
1433
1434
1438
985211
1442
1444
1446
1448
1450
1453
1455
1456
1457
985211
985211
985211
985211
985211
985211
1468
985211
1469
1473
1478
985211
1481
985211
1486
1487
1490
1491
1492
1493
985211
1495
1497
1498
1499
1500
1501
1502
985211
1504
985211
1505
985211
985211
985211
1514
985211
985211
1526
1528
1529
1530
985211
1536
985211
1543
1546
1547
1550
985211
1555
1559
1561
1562
1564
1566
985211
1570
1573
1575
985211
1577
985211
1580
1581
1585
1588
1592
985211
985211
985211
1604
985211
985211
985211
1606
1608
1609
985211
985211
1611
1613
1614
1620
1622
1624
985211
1626
1627
1629
1631
985211
1637
1638
985211
985211
1643
1644
985211
985211
1649
985211
985211
985211
1652
985211
985211
985211
985211
1665
1671
985211
1677
1679
985211
985211
985211
985211
1689
985211
1692
1696
1698
985211
1701
1704
1706
1709
1717
1720
985211
985211
985211
985211
985211
1742
985211
1752
1751
1753
1754
985211
1757
1759
985211
985211
1766
985211
1770
1771
1772
985211
985211
985211
985211
985211
1803
985211
985211
1808
985211
985211
1814
1816
985211
1818
985211
985211
1823
985211
985211
985211
1832
985211
1845
985211
985211
985211
1852
985211
985211
985211
1865
1868
1870
985211
1875
985211
1878
1879
985211
1881
1882
1883
985211
1890
985211
985211
1894
1895
1896
1897
1902
985211
1903
1907
1909
1910
1911
1913
985211
1916
1918
1919
985211
985211
985211
985211
1930
1935
985211
985211
1937
985211
1940
985211
985211
1945
985211
985211
985211
985211
985211
1955
1957
985211
1959
1967
985211
1972
1973
1974
1976
1977
1979
1980
985211
985211
1991
985211
1998
2003
985211
2012
985211
985211
985211
2026
985211
2028
985211
985211
2046
985211
985211
985211
985211
2075
985211
985211
985211
985211
985211
985211
985211
985211
985211
2104
985211
985211
2116
2119
985211
2125
2127
2129
2132
985211
2143
985211
985211
2145
985211
985211
985211
985211
985211
985211
2151
985211
2157
985211
985211
985211
2162
2164
985211
985211
985211
985211
2174
2177
2183
985211
985211
2187
2196
985211
2198
985211
985211
985211
