985211
9
7
11
12
13
14
21
985211
23
985211
31
32
985211
34
985211
36
985211
985211
41
42
43
45
985211
48
49
50
51
52
53
56
55
58
985211
63
64
985211
66
67
68
69
71
72
73
74
76
985211
985211
77
985211
79
985211
985211
985211
87
91
93
94
985211
985211
985211
985211
985211
985211
115
117
985211
985211
121
123
985211
985211
129
985211
985211
131
985211
985211
137
138
139
140
141
142
985211
985211
147
985211
150
151
985211
985211
985211
985211
985211
985211
161
985211
163
985211
165
166
985211
168
985211
173
985211
177
985211
184
985211
200
201
985211
985211
204
205
985211
208
209
985211
211
985211
985211
985211
220
985211
985211
229
231
233
237
238
240
985211
242
985211
244
245
985211
985211
985211
248
985211
257
260
261
263
985211
266
985211
269
270
985211
250
985211
278
985211
985211
286
287
290
985211
294
985211
985211
985211
302
985211
307
305
309
312
985211
985211
985211
317
985211
319
320
321
324
329
985211
333
334
985211
985211
338
985211
341
985211
344
345
347
348
350
985211
352
354
985211
356
985211
985211
360
985211
985211
367
368
369
985211
372
375
376
377
378
379
985211
383
384
386
387
390
392
395
399
400
401
985211
404
405
406
407
408
409
410
411
412
985211
415
417
418
985211
421
431
432
985211
435
985211
437
438
441
445
447
985211
985211
985211
985211
450
452
453
454
455
985211
985211
460
461
985211
464
985211
466
468
985211
472
475
477
478
481
985211
482
985211
985211
487
985211
985211
491
499
985211
500
504
506
507
985211
509
510
511
513
985211
985211
521
985211
985211
530
532
536
537
985211
540
543
985211
550
553
985211
985211
555
559
985211
985211
561
985211
985211
572
575
577
580
985211
581
583
586
584
588
985211
985211
985211
596
985211
985211
602
985211
985211
606
985211
985211
609
985211
985211
613
616
618
619
985211
622
623
626
627
628
630
985211
638
985211
985211
985211
644
985211
985211
985211
649
650
985211
652
654
656
657
661
985211
666
985211
668
669
671
985211
985211
683
684
685
687
985211
985211
985211
695
985211
690
985211
985211
703
704
705
708
709
985211
985211
717
722
727
985211
985211
729
731
985211
985211
985211
745
753
757
758
985211
760
985211
762
763
766
768
985211
985211
772
985211
985211
985211
777
985211
779
985211
985211
985211
985211
985211
985211
985211
803
804
806
985211
813
814
815
985211
825
985211
985211
985211
985211
985211
985211
985211
985211
985211
985211
985211
985211
985211
837
839
985211
841
842
985211
844
845
985211
848
985211
985211
854
855
985211
862
985211
869
872
873
874
985211
879
880
883
886
887
985211
890
985211
893
897
899
901
985211
985211
906
910
912
913
917
919
920
921
985211
985211
937
985211
985211
955
985211
958
985211
985211
965
968
969
985211
976
985211
985211
982
983
985
986
989
996
985211
1000
1002
985211
1014
985211
1019
1021
1022
1024
1025
1026
1027
1034
1035
1036
1037
1038
1039
1041
1044
1045
1046
1047
1048
1049
985211
985211
1052
1054
1056
1059
1061
985211
985211
1064
1066
1067
1068
1071
1072
1075
1076
1077
1078
985211
1082
1083
1081
1086
985211
1088
985211
1089
1090
985211
1092
985211
985211
985211
985211
985211
1098
985211
1103
985211
1105
1106
1108
985211
985211
985211
1133
1142
985211
985211
985211
985211
985211
985211
985211
1180
1190
985211
985211
985211
985211
1213
1214
1223
1225
985211
1234
1235
1238
1240
985211
1242
1246
1252
1254
1256
985211
1263
1265
1268
985211
1271
985211
1279
985211
985211
985211
1287
1288
1290
985211
1294
1295
985211
1298
1301
1302
985211
985211
1318
1319
1320
1322
1323
1324
985211
1327
985211
985211
1330
1332
985211
1334
1335
1336
985211
1338
985211
985211
1342
1343
1344
985211
985211
1348
1350
1351
985211
1359
1365
1357
1368
1371
985211
1373
985211
1379
1382
1383
1384
985211
1388
985211
1392
1394
1398
1400
1407
1408
1411
1412
1413
985211
985211
985211
1422
1424
1425
1426
1427
985211
1430
1435
985211
1437
985211
1440
985211
1447
1448
1449
1456
1457
1459
1461
985211
985211
1462
985211
1465
1466
1467
1468
1469
1470
985211
985211
985211
1474
1475
1476
985211
985211
1481
985211
1483
1484
1487
1489
985211
1491
1494
1495
985211
985211
985211
1501
1502
1503
1504
1506
1507
985211
1511
985211
1513
985211
985211
1523
1525
985211
1526
1527
1528
985211
985211
1530
985211
985211
985211
985211
1532
985211
985211
985211
1536
1537
1543
985211
1545
1546
1548
1549
1550
985211
1556
1558
985211
1563
985211
1565
1568
1566
1570
1571
1574
1575
1576
985211
1578
985211
1580
1582
985211
1584
1585
1586
1588
1591
1589
985211
1593
985211
985211
1595
985211
1599
1600
985211
1603
985211
1604
985211
1603
1606
1607
1608
1609
1610
1611
985211
985211
985211
1614
1616
1619
1622
985211
1621
1626
1627
1630
1631
1632
1633
1635
985211
1638
1640
1642
1644
985211
1646
1647
985211
1649
985211
1652
985211
985211
1657
1658
1659
1660
1662
985211
985211
985211
1669
1670
1671
1672
985211
1675
1676
1677
1678
985211
985211
985211
1690
1691
1692
1694
1695
1698
1699
1700
1701
985211
985211
1706
1707
1709
1710
985211
1712
1713
985211
1717
1718
1719
1720
1721
1722
1723
1725
1726
1729
1731
1730
1732
985211
985211
1736
985211
1739
985211
1742
1745
1746
1747
1749
1750
985211
985211
985211
1755
985211
985211
1765
1766
1769
1770
1771
1772
1773
1774
985211
1776
985211
1778
985211
1781
985211
1785
985211
1790
1789
1791
1792
1793
1794
1796
1797
1798
1799
1800
1802
985211
1804
1805
1806
1808
1810
1816
1819
1820
1821
1823
1824
985211
1827
1829
985211
1834
985211
1836
1838
1840
985211
1844
1845
1847
1848
1849
985211
985211
1851
1854
1855
985211
985211
985211
1860
1861
1862
1864
1865
1866
1868
985211
985211
1872
1873
1874
985211
985211
985211
1876
985211
985211
1884
1885
1886
1887
1889
1890
1891
1892
1893
1894
985211
1896
1897
985211
1900
1903
985211
1905
1906
1907
1909
985211
985211
985211
985211
985211
1929
1931
1932
985211
1934
1939
1940
1942
985211
1943
1946
1947
1948
985211
1950
1951
1953
1956
985211
985211
1963
1964
985211
985211
985211
985211
1975
985211
1977
1978
985211
1986
1989
1991
985211
1999
985211
985211
985211
2011
2013
985211
985211
2020
985211
2038
985211
985211
985211
2045
2047
2048
985211
985211
985211
2054
2056
2057
985211
2062
985211
2063
2064
2065
985211
2069
985211
2079
2081
2084
2089
985211
2091
2093
2094
985211
2099
2102
2104
2105
2107
2113
2114
2117
985211
985211
2120
985211
2123
2125
2129
2130
2132
985211
985211
985211
2138
985211
2143
985211
985211
985211
2152
2154
985211
2157
2158
985211
2163
985211
985211
2165
2169
2171
985211
2176
2180
2181
985211
985211
2184
2185
2187
2189
985211
2196
985211
2200
985211
985211
985211
2208
2211
2212
985211
2215
2221
2225
2228
985211
2230
2231
2233
985211
985211
2236
2240
2238
2241
985211
985211
985211
985211
985211
2255
985211
2259
2258
2260
985211
2263
985211
2264
2265
985211
2271
985211
2275
985211
2299
2302
2304
2307
985211
2316
2320
2324
985211
985211
2328
985211
985211
985211
985211
985211
985211
2343
2344
2345
2346
985211
2349
2352
985211
985211
985211
2357
2361
2363
2367
985211
985211
985211
985211
2377
2380
985211
985211
985211
985211
2403
985211
2406
985211
2410
985211
985211
2412
985211
985211
985211
985211
985211
2469
2471
985211
2477
985211
2492
2501
2505
2512
2513
985211
985211
2519
985211
985211
2526
2527
2525
2529
2530
2531
2532
985211
2534
2535
2537
2538
985211
2542
985211
985211
985211
2547
2548
2549
985211
2552
2553
985211
2555
2560
2563
2564
985211
2572
2573
2577
985211
2583
2584
2585
985211
2588
2590
2591
2592
985211
985211
985211
985211
2608
985211
2614
985211
985211
2616
2619
985211
2623
2624
2625
985211
985211
985211
2636
2637
2638
985211
2642
2645
2646
2650
2651
985211
2653
2654
985211
2657
2660
2662
2672
2673
2675
2680
2682
2684
2685
2686
985211
2691
985211
2695
985211
985211
2700
2701
985211
985211
2710
985211
2715
985211
985211
2717
2719
2722
985211
2724
985211
2728
985211
2731
2733
2734
985211
2737
2738
985211
985211
985211
985211
985211
985211
2749
2759
2753
985211
2762
985211
985211
985211
2772
2774
985211
2777
985211
2781
2783
2784
2786
2787
2788
985211
2791
985211
2797
985211
985211
2800
2803
2804
985211
2808
985211
2812
2813
2814
985211
2817
2820
985211
2824
2826
985211
985211
985211
2840
985211
2844
2846
2848
985211
2850
2852
985211
985211
2860
985211
985211
2864
2865
2866
2869
985211
2871
985211
985211
2874
985211
985211
2880
985211
2884
985211
2907
2909
2910
2913
2914
2915
2917
985211
2924
2925
2926
2927
2929
985211
2931
2934
2937
985211
2944
2945
2946
2947
985211
985211
2950
2952
985211
2953
2955
2956
2958
2960
2961
2962
985211
985211
2970
2971
2972
985211
2974
985211
2976
985211
2979
985211
2984
985211
2989
2991
985211
985211
985211
985211
2996
985211
985211
3000
3004
985211
985211
3007
3009
3012
3013
985211
3014
3015
3016
3017
3018
3019
985211
3021
985211
3022
985211
3024
3025
985211
3027
3030
3031
3036
985211
985211
3052
3054
3055
3057
3058
985211
3060
3064
3066
985211
985211
3073
985211
985211
3080
3081
985211
985211
985211
985211
985211
3090
985211
3094
3095
985211
3098
985211
3103
985211
985211
985211
3108
985211
985211
985211
3114
985211
3117
3119
3120
985211
3122
3125
3126
3127
3128
3129
985211
3133
3134
3139
985211
3141
3146
3147
985211
985211
3150
985211
985211
3160
3161
985211
985211
3168
985211
3171
3172
985211
3174
3175
985211
3177
3178
3180
3185
3187
3189
3190
3192
3193
3194
985211
985211
985211
3202
985211
3204
985211
3206
985211
3209
3210
3211
3212
3213
3216
985211
3218
3220
3221
985211
3227
3229
985211
3232
3233
3235
3238
3240
3242
985211
985211
985211
985211
985211
3260
3264
3266
3268
3269
3270
3271
985211
985211
985211
3276
3282
3283
3284
985211
3289
985211
3292
3293
985211
985211
985211
3299
985211
985211
985211
985211
3308
985211
985211
3314
985211
3324
985211
3333
985211
3335
985211
3340
985211
3342
3345
3346
3347
3348
3350
3351
