358
985211
985211
985211
985211
985211
985211
985211
330
985211
985211
326
325
324
321
985211
304
985211
985211
985211
985211
299
297
985211
985211
294
985211
288
289
286
283
985211
281
280
985211
276
985211
985211
985211
266
985211
985211
985211
985211
256
252
985211
985211
985211
985211
985211
226
985211
985211
985211
217
216
985211
985211
985211
985211
198
985211
985211
985211
192
189
985211
186
181
985211
985211
985211
985211
171
985211
985211
153
985211
985211
985211
150
985211
985211
146
985211
985211
985211
985211
985211
125
985211
985211
985211
117
114
107
985211
985211
88
85
79
77
73
985211
985211
65
64
61
985211
985211
985211
56
52
985211
985211
985211
36
985211
985211
26
24
23
18
985211
16
13
10
9
3
381
985211
985211
386
985211
390
391
392
985211
985211
985211
396
985211
985211
985211
403
985211
985211
985211
985211
413
985211
985211
985211
985211
425
985211
985211
431
985211
985211
985211
437
438
985211
440
985211
442
445
985211
451
453
985211
985211
985211
457
985211
985211
985211
463
985211
475
985211
481
483
486
985211
985211
492
985211
985211
985211
985211
985211
503
504
515
985211
985211
532
533
535
537
985211
540
985211
542
544
546
547
985211
552
553
985211
985211
985211
985211
985211
571
985211
985211
569
985211
985211
581
585
588
589
985211
985211
985211
985211
598
601
602
985211
608
609
614
616
985211
985211
622
625
626
627
628
630
985211
634
636
637
640
985211
985211
985211
985211
657
985211
985211
670
985211
677
679
985211
985211
688
985211
693
702
704
705
985211
706
985211
985211
985211
710
711
985211
714
717
718
722
725
985211
985211
985211
985211
734
737
985211
738
985211
742
985211
985211
985211
747
752
985211
985211
985211
985211
760
763
985211
771
985211
985211
783
789
792
795
985211
797
985211
985211
985211
807
808
985211
812
814
985211
820
985211
822
824
985211
985211
985211
985211
837
845
846
848
849
985211
850
985211
856
857
985211
861
985211
865
985211
985211
883
884
985211
985211
892
985211
895
985211
985211
898
900
903
985211
985211
985211
914
917
985211
925
985211
985211
985211
933
937
985211
938
939
940
941
943
985211
985211
985211
985211
985211
985211
985211
985211
985211
985211
985211
966
985211
974
985211
985211
985211
983
985
988
985211
994
985211
998
985211
985211
1000
1003
1005
1007
985211
1010
985211
985211
1012
985211
1015
1016
1017
1018
1020
1031
1035
985211
985211
1041
1058
1059
1070
1075
1076
1078
985211
985211
1100
985211
985211
1105
985211
1114
1115
985211
985211
1120
985211
1123
1125
1127
985211
1130
1136
1137
1140
1158
985211
1173
985211
985211
985211
1185
985211
985211
985211
985211
1205
1206
1214
1225
985211
1231
1233
1234
1236
1239
1241
