985211
3
9
985211
985211
985211
21
24
27
985211
28
29
30
35
38
39
985211
41
42
43
45
985211
985211
51
54
985211
56
57
64
985211
66
69
68
70
71
985211
72
73
74
985211
985211
985211
78
985211
79
83
84
85
985211
89
90
985211
985211
985211
985211
97
98
100
102
103
985211
985211
985211
104
109
110
113
985211
985211
985211
116
985211
140
141
142
143
145
146
985211
152
985211
985211
155
156
985211
985211
160
161
162
163
165
171
173
174
985211
985211
985211
181
183
184
186
187
985211
985211
985211
193
194
985211
197
985211
199
202
205
985211
985211
210
211
214
985211
216
219
220
985211
985211
985211
286
285
291
292
985211
985211
305
308
985211
985211
313
985211
985211
985211
985211
328
331
333
985211
985211
985211
350
985211
353
355
358
359
360
363
365
366
367
369
985211
985211
377
985211
384
385
985211
388
390
391
985211
985211
393
985211
985211
985211
406
985211
409
985211
985211
421
985211
424
431
433
985211
441
442
443
445
448
449
455
462
985211
468
469
470
985211
472
985211
985211
985211
488
985211
985211
503
985211
985211
985211
985211
985211
985211
985211
985211
529
532
541
542
545
985211
548
985211
985211
552
985211
564
985211
566
985211
985211
569
571
985211
572
575
576
985211
579
580
985211
985211
582
583
985211
585
588
592
985211
985211
985211
985211
985211
597
985211
985211
985211
985211
604
985211
985211
985211
985211
613
985211
615
985211
985211
985211
985211
620
622
985211
985211
985211
985211
629
985211
631
636
985211
644
985211
647
649
652
653
985211
659
985211
985211
985211
985211
672
674
675
676
985211
985211
687
689
985211
693
985211
694
695
985211
697
700
703
704
985211
985211
708
710
985211
709
711
985211
985211
714
985211
716
717
718
719
985211
721
723
985211
726
985211
991
982
978
985211
972
985211
985211
970
965
961
985211
956
955
952
985211
985211
946
944
943
985211
985211
985211
985211
985211
985211
985211
926
985211
909
985211
985211
985211
893
985211
985211
891
985211
985211
985211
985211
860
985211
858
985211
857
855
985211
985211
985211
985211
985211
846
985211
844
985211
985211
842
841
838
835
830
985211
985211
829
825
985211
824
985211
822
821
985211
985211
817
815
811
985211
985211
805
985211
985211
985211
797
985211
792
790
985211
785
985211
776
774
771
985211
770
985211
985211
767
765
758
985211
985211
754
752
751
747
985211
985211
1017
1020
1022
985211
985211
1027
1028
1029
1030
1031
1033
985211
1034
1035
1036
1037
1038
1039
1040
985211
1042
1043
1044
1046
1047
985211
985211
1051
985211
985211
985211
1055
1056
1057
985211
1060
985211
1063
1064
985211
985211
1069
1070
985211
985211
985211
1075
1076
1077
1080
1082
1084
1086
1087
1090
1091
1092
985211
985211
985211
1099
1100
1102
985211
985211
1107
1110
1121
985211
1122
1123
1124
1125
985211
1127
985211
985211
985211
1132
985211
1134
1136
1137
1135
1139
1141
985211
1145
1146
985211
985211
1151
985211
1154
1155
985211
985211
1160
1161
985211
1163
985211
1167
1172
985211
1174
1175
1182
985211
1185
985211
1192
985211
985211
1194
1197
985211
985211
1205
985211
1209
1210
1211
985211
1213
1214
985211
985211
1217
985211
985211
985211
985211
985211
1227
985211
1231
1232
1233
985211
1240
1242
1244
1246
1247
985211
985211
985211
1252
1256
1257
1260
1261
1262
985211
1265
985211
985211
985211
985211
1272
1274
1275
985211
985211
1283
1284
985211
1285
985211
1289
1290
985211
985211
1297
1299
985211
985211
1304
1306
985211
1309
1311
1313
1314
985211
1317
1318
985211
1321
985211
1323
985211
985211
985211
985211
1330
985211
985211
1336
1337
985211
985211
1339
985211
985211
985211
985211
985211
1351
1352
985211
1355
1358
1363
1365
985211
985211
1379
985211
1386
1389
1390
1393
1396
1397
1400
985211
985211
985211
985211
985211
1409
985211
1416
1418
985211
985211
985211
985211
1430
1434
985211
1438
985211
1439
985211
1441
1442
1444
1445
1446
985211
1449
1451
1452
1454
985211
985211
985211
985211
1458
1460
1465
985211
1469
985211
1474
985211
1479
1480
985211
1486
985211
985211
985211
985211
985211
1494
1495
1496
985211
985211
1501
985211
985211
985211
985211
985211
1517
985211
1520
985211
985211
985211
985211
985211
1529
1530
1532
1535
1536
1537
1541
985211
985211
1545
1546
985211
1549
1551
1552
985211
985211
985211
1559
985211
1562
1565
1569
985211
985211
985211
985211
985211
1576
1578
1580
1582
1583
1584
1586
985211
1588
985211
985211
1595
1601
985211
985211
1615
1618
1620
985211
1621
985211
985211
985211
1624
1627
985211
985211
1635
985211
985211
985211
985211
985211
985211
985211
985211
985211
985211
985211
985211
985211
985211
1643
1650
985211
985211
1654
1656
1659
1660
985211
1663
985211
1683
985211
1692
985211
1695
1696
985211
985211
1705
1706
1707
1709
1711
1712
1713
985211
985211
1722
985211
985211
1730
985211
985211
1735
985211
1738
985211
1742
985211
1744
985211
985211
1748
1749
1751
1752
1753
1755
985211
1758
1759
1760
1761
1765
1767
1770
1771
1774
1788
985211
985211
1789
985211
985211
985211
1806
1807
1808
985211
985211
1812
985211
985211
1815
1816
1819
1825
1826
1829
985211
985211
985211
1864
1870
985211
985211
985211
985211
985211
985211
1897
1907
985211
985211
1918
985211
1919
985211
985211
985211
985211
1929
1930
985211
985211
985211
1935
985211
1936
985211
985211
1941
985211
985211
985211
1948
1952
1953
1955
1956
985211
1960
985211
985211
1966
985211
1967
1973
1974
1981
985211
1984
1985
985211
1991
1995
2001
2007
985211
985211
2009
985211
985211
985211
985211
985211
2023
2026
2029
2030
985211
2036
2038
2041
985211
985211
2044
2045
985211
985211
2054
985211
2059
2060
2061
985211
985211
2066
985211
985211
2079
985211
985211
2087
985211
2089
2092
985211
985211
985211
2096
985211
985211
985211
2102
985211
2107
2109
985211
985211
2127
2130
985211
2135
2137
2138
985211
985211
2142
2144
985211
985211
2148
985211
2150
985211
2154
2155
985211
2157
985211
985211
2164
985211
2167
2168
985211
985211
2169
2171
2175
985211
985211
985211
2180
985211
985211
2199
985211
985211
2201
2202
2203
2204
985211
985211
2210
985211
985211
2217
985211
985211
2219
985211
2233
2238
985211
2241
2245
2246
985211
2248
2249
985211
985211
985211
985211
985211
985211
2256
985211
2266
2275
2277
2278
2280
2281
985211
985211
985211
985211
2291
985211
2293
985211
985211
2308
2312
2314
985211
2317
2318
985211
985211
985211
2326
985211
985211
985211
2330
985211
985211
985211
985211
2338
2340
2341
985211
2343
985211
985211
985211
2350
985211
2354
2357
2359
2360
985211
985211
985211
985211
2370
985211
985211
985211
2389
985211
985211
2393
2396
2398
2399
985211
985211
2406
985211
985211
985211
2416
2417
2419
2420
985211
2423
2424
2434
2438
985211
2440
2441
2443
985211
985211
2452
2454
985211
985211
985211
985211
985211
985211
985211
985211
985211
985211
2482
985211
985211
2491
985211
985211
2498
2500
2501
985211
2504
2507
2509
985211
985211
2516
985211
2527
985211
2535
985211
2537
2538
985211
985211
2553
2554
2555
2556
2558
2559
985211
2561
2562
2564
2565
985211
985211
985211
2572
985211
2578
2579
2580
985211
2586
2587
985211
2606
2607
985211
2610
985211
985211
985211
985211
985211
985211
985211
985211
985211
985211
