985211
6
985211
13
15
985211
20
21
985211
25
985211
32
33
985211
985211
39
985211
985211
41
43
45
46
985211
48
49
985211
51
52
53
55
57
58
60
61
62
63
985211
65
69
71
76
77
90
92
985211
95
98
985211
100
985211
105
985211
111
985211
985211
116
118
121
985211
125
126
127
985211
985211
130
985211
985211
136
137
140
141
142
143
985211
149
151
985211
154
985211
156
158
160
161
162
163
985211
165
985211
167
168
985211
985211
173
176
179
180
181
184
985211
187
188
985211
192
193
195
196
197
198
200
201
985211
203
204
207
208
209
210
211
985211
213
214
215
985211
218
222
223
225
228
229
985211
233
235
237
238
240
242
243
245
246
985211
247
985211
254
985211
259
261
262
264
985211
985211
267
268
269
271
274
277
279
280
985211
985211
287
985211
288
985211
985211
294
295
296
299
301
302
304
305
306
307
308
311
313
314
985211
316
318
319
320
322
324
985211
985211
985211
985211
985211
328
329
985211
332
334
335
336
338
340
343
344
346
985211
348
351
985211
354
356
357
358
359
361
362
363
365
364
366
367
368
369
370
372
373
985211
375
377
378
379
380
382
383
385
387
390
985211
393
394
395
985211
985211
985211
985211
403
985211
406
408
409
412
411
414
985211
985211
419
422
423
424
425
985211
985211
429
430
431
432
433
985211
439
985211
445
448
451
453
455
457
458
985211
461
465
466
467
468
470
472
474
475
985211
483
485
985211
985211
985211
491
493
496
498
500
985211
985211
985211
506
509
985211
985211
514
517
518
524
526
528
985211
985211
985211
985211
548
985211
985211
985211
985211
985211
985211
985211
985211
985211
985211
985211
985211
985211
985211
985211
985211
985211
985211
985211
985211
985211
985211
985211
985211
985211
985211
985211
985211
985211
985211
985211
985211
985211
985211
985211
985211
985211
985211
985211
985211
985211
985211
985211
985211
985211
985211
985211
985211
985211
985211
985211
985211
985211
985211
985211
985211
985211
985211
985211
985211
985211
985211
985211
985211
985211
985211
985211
985211
985211
985211
985211
985211
985211
985211
985211
985211
985211
985211
985211
985211
985211
985211
985211
985211
985211
985211
985211
985211
985211
985211
985211
985211
985211
985211
985211
985211
985211
985211
985211
985211
985211
985211
985211
985211
985211
985211
985211
985211
985211
985211
985211
985211
985211
985211
985211
985211
985211
985211
985211
985211
985211
985211
985211
985211
985211
985211
985211
985211
985211
985211
985211
985211
985211
985211
985211
985211
985211
985211
985211
985211
985211
985211
985211
985211
985211
985211
985211
985211
985211
985211
985211
985211
985211
985211
985211
985211
985211
985211
985211
985211
985211
985211
985211
985211
985211
985211
985211
985211
985211
985211
985211
985211
985211
985211
985211
985211
985211
985211
985211
985211
985211
985211
985211
985211
985211
985211
985211
985211
985211
985211
985211
985211
985211
985211
985211
985211
985211
985211
985211
985211
985211
985211
985211
985211
985211
985211
985211
985211
985211
985211
985211
985211
985211
985211
985211
985211
985211
985211
985211
985211
985211
985211
985211
985211
985211
985211
985211
985211
985211
985211
985211
985211
985211
985211
985211
985211
985211
985211
985211
985211
985211
985211
985211
985211
985211
985211
985211
985211
985211
985211
985211
985211
985211
985211
985211
985211
985211
985211
985211
985211
985211
985211
985211
985211
985211
985211
985211
985211
985211
985211
985211
985211
985211
985211
985211
985211
985211
985211
985211
985211
985211
985211
985211
985211
985211
985211
985211
985211
985211
985211
985211
985211
985211
985211
985211
985211
985211
985211
985211
985211
985211
985211
985211
985211
985211
985211
985211
985211
985211
985211
985211
985211
985211
985211
985211
985211
985211
985211
985211
985211
985211
985211
985211
985211
985211
985211
985211
985211
985211
985211
985211
985211
985211
985211
985211
985211
985211
985211
985211
985211
985211
985211
985211
985211
985211
985211
985211
985211
985211
985211
985211
985211
985211
985211
985211
985211
985211
985211
985211
985211
985211
985211
985211
985211
985211
985211
985211
985211
985211
985211
985211
985211
985211
985211
985211
985211
985211
985211
985211
985211
985211
985211
985211
985211
985211
985211
985211
985211
985211
985211
985211
985211
1772
985211
985211
985211
985211
985211
985211
985211
985211
985211
985211
985211
985211
985211
985211
985211
985211
985211
985211
985211
985211
985211
985211
985211
985211
985211
985211
985211
985211
985211
985211
985211
985211
985211
985211
985211
985211
985211
985211
985211
985211
985211
985211
985211
985211
985211
985211
985211
985211
985211
985211
985211
985211
985211
985211
985211
985211
985211
985211
985211
985211
985211
985211
985211
985211
985211
985211
985211
985211
985211
985211
985211
985211
985211
985211
985211
985211
985211
985211
985211
985211
985211
985211
985211
985211
985211
985211
985211
985211
985211
985211
985211
985211
985211
985211
985211
985211
985211
985211
985211
985211
985211
985211
985211
985211
985211
985211
985211
985211
985211
985211
985211
985211
985211
