985211
985211
985211
985211
985211
985211
985211
985211
985211
985211
985211
985211
985211
985211
985211
985211
985211
182
184
985211
985211
187
985211
985211
196
985211
210
985211
216
985211
985211
222
985211
985211
985211
985211
985211
234
985211
238
243
247
249
985211
985211
985211
985211
985211
277
985211
985211
985211
985211
985211
985211
985211
328
330
331
335
336
338
985211
985211
985211
349
350
352
353
985211
985211
985211
985211
985211
369
985211
985211
372
985211
374
376
377
380
985211
386
985211
393
985211
397
399
401
985211
403
407
985211
409
985211
985211
985211
423
424
425
426
427
428
429
430
431
433
985211
436
441
442
985211
446
985211
985211
452
455
985211
985211
459
463
465
467
985211
468
471
985211
985211
473
479
481
985211
985211
985211
499
500
502
503
985211
985211
507
509
510
511
513
514
515
985211
985211
985211
519
985211
526
985211
985211
985211
985211
985211
534
535
985211
538
985211
544
985211
549
985211
554
985211
985211
560
561
985211
565
567
571
985211
985211
578
579
985211
586
985211
985211
588
589
985211
595
985211
601
985211
985211
985211
606
612
616
985211
985211
630
631
985211
985211
641
643
645
985211
649
653
654
655
985211
985211
664
665
668
669
670
672
985211
680
683
985211
687
985211
690
985211
985211
694
695
696
697
698
985211
700
701
707
712
713
985211
985211
717
985211
985211
985211
985211
732
735
736
737
740
742
985211
745
985211
985211
985211
985211
985211
985211
985211
762
763
765
769
985211
985211
774
781
985211
985211
791
789
985211
792
985211
985211
985211
802
804
985211
807
808
985211
985211
819
822
831
985211
835
839
846
852
985211
855
985211
857
860
863
864
865
868
985211
985211
985211
872
