985211
20
21
23
26
985211
985211
29
30
32
33
34
36
985211
985211
41
42
44
45
47
48
51
985211
55
56
57
58
59
985211
61
62
63
66
985211
69
985211
72
74
75
76
985211
78
985211
79
81
83
84
85
985211
88
91
985211
97
98
99
101
985211
985211
105
106
107
985211
985211
985211
985211
115
985211
985211
120
121
985211
985211
985211
131
985211
985211
985211
985211
140
985211
141
142
143
985211
144
146
985211
148
149
150
985211
152
153
155
159
160
985211
162
163
985211
985211
166
985211
168
985211
176
180
181
182
183
985211
187
190
192
194
195
197
985211
985211
202
985211
205
985211
208
985211
985211
985211
214
985211
217
985211
216
222
223
224
226
227
229
230
233
234
236
237
239
985211
241
242
985211
244
245
246
985211
985211
985211
249
251
252
253
254
256
257
258
259
260
262
266
985211
270
985211
276
277
280
286
985211
292
985211
296
297
298
985211
300
301
985211
305
306
985211
308
309
311
312
310
313
314
315
317
318
319
320
322
324
327
985211
330
332
336
339
985211
342
985211
345
346
347
985211
985211
352
985211
985211
355
356
357
359
362
985211
366
368
369
371
372
985211
375
376
377
985211
985211
985211
985211
390
391
985211
985211
396
397
399
401
403
985211
404
406
985211
407
409
411
413
414
985211
417
985211
985211
985211
421
424
425
985211
430
432
434
436
439
441
985211
444
445
447
449
985211
452
453
455
985211
985211
459
462
463
464
465
467
471
985211
475
477
985211
484
486
985211
488
492
985211
985211
500
985211
505
507
511
513
516
522
526
985211
985211
985211
532
985211
533
535
537
538
540
542
543
544
545
546
547
548
985211
985211
553
985211
556
557
561
985211
985211
564
565
566
567
568
985211
571
985211
574
575
576
578
985211
985211
580
581
582
985211
585
586
587
985211
588
590
591
592
985211
593
985211
985211
597
985211
985211
600
985211
601
605
606
608
610
985211
612
614
615
616
985211
618
619
620
624
985211
628
985211
985211
631
630
637
640
642
643
985211
645
985211
985211
648
985211
985211
655
985211
658
985211
985211
664
985211
985211
985211
669
670
985211
672
985211
675
676
985211
680
985211
692
985211
985211
698
985211
985211
703
705
707
985211
710
985211
713
715
985211
717
718
985211
721
722
724
725
726
728
985211
730
732
733
985211
985211
737
739
740
742
743
744
745
749
750
751
754
755
985211
985211
985211
760
761
763
764
985211
985211
985211
985211
771
774
775
776
777
778
780
782
783
985211
985211
786
787
789
791
793
800
802
803
805
806
808
985211
985211
812
985211
815
818
819
985211
820
822
823
985211
985211
826
832
833
834
835
985211
837
838
985211
842
985211
845
846
849
851
985211
855
856
857
858
985211
985211
985211
985211
985211
873
985211
880
985211
884
885
985211
894
897
899
900
901
985211
905
909
913
915
916
985211
919
985211
930
933
935
937
939
940
985211
944
946
951
952
955
956
958
959
985211
985211
985211
964
965
967
968
970
985211
978
985211
982
983
985
988
990
991
992
993
994
995
997
998
985211
985211
1001
985211
1006
1007
985211
1011
1012
1013
985211
1018
985211
1022
985211
1024
1025
985211
1027
1028
1029
985211
1035
985211
985211
1042
1041
1043
1045
1046
1047
1048
985211
1052
1054
1055
985211
1058
1059
1060
1061
1062
985211
1065
1066
1067
985211
1070
1072
1073
1074
1075
1077
1078
1079
1081
1082
1083
1086
1087
1088
1089
1092
985211
1104
1107
1110
1114
985211
1121
985211
985211
985211
1140
985211
985211
1152
1156
1159
985211
985211
985211
1170
985211
985211
985211
985211
985211
1194
985211
1201
985211
985211
1213
985211
985211
985211
985211
985211
985211
985211
1251
1257
985211
1262
985211
1278
1282
1289
985211
1295
985211
985211
985211
1335
985211
1345
1347
1348
1350
985211
1355
985211
1363
1370
985211
985211
985211
985211
985211
985211
985211
985211
1387
985211
1389
985211
1391
985211
1396
1398
985211
1402
985211
1405
985211
1408
1411
1412
1413
1416
985211
985211
1426
1427
1430
985211
985211
1439
1440
985211
985211
1443
985211
985211
1448
985211
985211
985211
1453
985211
985211
1460
1462
1463
1474
1476
1477
1480
1481
985211
985211
1487
1489
985211
985211
1493
1495
1498
1499
1500
1501
1503
1504
985211
985211
985211
985211
1513
1514
985211
1516
1517
1519
1520
1522
1526
1527
1528
1529
1532
1533
1534
985211
1537
1540
1542
1543
1545
1547
1548
1549
1550
985211
985211
1554
1555
1556
1560
1561
1563
1565
985211
1567
1569
1570
1571
1573
1575
1577
985211
1579
985211
1582
1587
985211
985211
1592
1594
1595
1598
985211
985211
1603
985211
985211
985211
1608
1609
985211
1616
1617
985211
985211
985211
1621
1624
1626
1627
1630
985211
1634
1633
1635
985211
985211
985211
1642
985211
1646
1647
985211
1653
1655
1654
985211
1660
1659
1661
1662
1664
1665
985211
1668
1669
1670
1673
1675
1676
985211
1680
1680
1683
1684
1687
1689
1691
1692
1693
985211
1696
1698
1700
1702
1703
1705
1706
985211
985211
985211
985211
985211
1713
1714
1716
1718
985211
1720
1721
985211
1722
1724
985211
1726
1727
1728
1730
985211
1733
1739
1743
985211
1748
1751
1753
985211
1755
1756
1758
1759
985211
1761
1763
1766
1767
1768
1769
985211
985211
985211
1773
985211
985211
1776
1778
1779
1780
1781
1783
1785
1787
1788
1789
1790
1791
985211
1793
1794
1795
1796
985211
1801
985211
985211
985211
1813
985211
1818
1822
1823
1825
985211
1829
1827
985211
1832
1834
985211
1838
1839
1841
1848
1852
1856
1857
1859
985211
1864
1865
1866
985211
1868
1869
1870
1871
985211
1874
1875
985211
985211
1880
985211
1882
1885
985211
1887
1888
985211
1889
1890
985211
1892
1894
1896
985211
985211
1899
1901
985211
985211
985211
985211
985211
1930
1931
1932
1933
985211
1935
1939
1940
1941
1943
1944
985211
985211
1948
1949
1950
1951
985211
1954
1960
1961
1965
1967
985211
1970
985211
985211
1972
1975
1977
1978
1979
1981
985211
1986
1988
985211
1990
1991
1995
985211
985211
2001
985211
985211
985211
985211
985211
2009
2010
2012
2013
985211
985211
985211
2021
2022
2023
2025
2027
2029
2032
2033
985211
2035
2028
2036
2038
2039
985211
2042
2044
2045
2046
2047
2048
2049
2050
2051
985211
2054
2055
2057
2058
2059
2061
2062
2065
2067
2068
2069
2071
2072
2073
2074
2075
985211
985211
2078
2080
2083
985211
2085
2092
2095
985211
2098
2101
2102
2103
985211
985211
2110
2112
985211
2117
985211
2119
2120
985211
2123
2124
985211
2130
2132
2133
2134
985211
2135
985211
2140
2141
2142
2143
2144
985211
2146
2148
2150
2152
985211
2156
2159
2160
2161
985211
985211
985211
2167
985211
2170
2171
2172
2173
2174
2176
2179
2180
985211
2185
2186
2187
2188
2189
985211
2191
2192
2193
2196
985211
2197
2199
2200
2201
2202
2204
2205
2206
985211
2208
985211
2209
2210
2211
2212
2213
2214
985211
2216
985211
2219
2220
2221
2222
2225
2226
2228
2229
2230
985211
985211
985211
985211
2238
985211
2249
2251
985211
985211
2253
985211
2255
2256
2257
2258
985211
2261
2264
2265
2267
2269
2270
2271
2272
2273
2274
2276
2278
2280
2280
2282
2283
2284
2285
2287
2288
2289
985211
2291
985211
2294
2295
2296
2297
985211
2300
2302
985211
2304
985211
2306
985211
2308
2310
985211
985211
2317
2318
2319
985211
2321
985211
985211
985211
985211
985211
985211
985211
2326
985211
2329
2331
985211
2338
985211
985211
985211
2344
2342
985211
985211
2349
2350
985211
2354
2356
2358
985211
985211
2361
2363
985211
985211
985211
985211
2368
2369
2370
985211
2373
2374
2376
985211
2379
2381
2383
2386
2387
985211
2390
2392
2393
2396
2397
2402
2412
2413
985211
985211
2418
2421
2424
2425
2426
2427
2430
985211
2435
2437
2438
2441
2445
985211
2452
2456
2457
2458
2455
2459
2460
2461
2463
985211
2464
2469
985211
2471
2473
2474
2475
2476
2479
985211
2481
985211
2485
2487
2488
2492
2493
2495
2497
985211
2501
2503
2504
2508
985211
985211
2516
2517
2518
985211
2521
2523
2527
985211
2534
985211
2536
2537
985211
2541
985211
2543
985211
985211
985211
2550
985211
985211
2553
985211
985211
2559
2560
2565
985211
985211
985211
985211
985211
2574
985211
2577
985211
2579
2580
985211
985211
2585
2586
2587
2588
2589
2590
2592
2593
2594
2595
985211
985211
985211
985211
985211
985211
985211
2604
985211
2607
2608
985211
985211
985211
2581
2613
2615
985211
985211
2618
2621
985211
2623
985211
2629
2631
2632
2634
2636
2638
2639
985211
985211
2644
2645
985211
2648
2649
2651
2652
2653
2654
2655
2657
985211
985211
985211
985211
985211
2673
2677
985211
2680
985211
2687
985211
2690
985211
2694
985211
985211
2698
985211
985211
2708
985211
985211
985211
985211
2719
2721
2722
2724
985211
2727
2729
2730
2731
985211
985211
985211
2741
2742
2745
2747
2748
985211
2751
2752
2754
2756
2757
985211
2760
2761
2764
985211
2768
2769
2772
2773
985211
985211
2776
2777
985211
2779
985211
2782
2783
2784
985211
2785
985211
2793
985211
985211
2798
2799
2800
2801
2802
2804
985211
2807
2809
985211
985211
2811
2813
2815
985211
985211
985211
2826
985211
2833
2834
985211
985211
985211
2841
2843
2845
2847
2853
985211
985211
2860
2863
2865
2866
2867
2870
2874
2876
985211
985211
985211
2887
2889
2893
2894
2895
2896
2897
2898
2899
2901
2903
2904
2906
2907
985211
985211
985211
2909
985211
985211
985211
985211
985211
2920
985211
2923
2924
2928
985211
985211
2933
2934
2938
985211
985211
985211
2950
2951
985211
2956
985211
2961
985211
2963
2965
2969
2971
2973
985211
985211
2981
985211
2983
985211
2986
