985211
985211
985211
985211
6
985211
985211
985211
10
11
14
15
985211
985211
21
23
25
26
28
29
30
31
985211
32
985211
34
35
37
985211
985211
985211
41
45
47
46
49
50
51
52
54
56
57
60
985211
985211
62
64
985211
68
69
70
71
72
74
985211
76
985211
78
985211
81
87
985211
92
96
100
104
112
115
116
117
985211
985211
121
122
123
985211
130
131
132
134
140
143
145
985211
150
151
152
153
154
155
156
157
158
162
985211
164
165
166
167
168
171
174
985211
176
985211
180
985211
985211
985211
184
985211
985211
186
187
985211
985211
196
985211
200
201
202
203
985211
206
208
985211
985211
209
211
985211
985211
985211
985211
985211
216
985211
219
224
225
227
228
231
985211
985211
985211
985211
985211
985211
254
256
257
259
260
261
262
264
985211
269
985211
270
273
274
275
277
985211
280
985211
985211
283
284
285
985211
289
985211
985211
293
296
297
304
305
307
310
311
314
318
319
985211
985211
320
321
985211
985211
985211
985211
325
985211
327
329
332
333
335
337
340
985211
985211
346
349
347
985211
354
355
985211
985211
360
985211
363
985211
366
985211
367
985211
985211
372
373
375
985211
378
985211
382
383
985211
385
386
387
389
985211
390
985211
985211
985211
985211
985211
985211
985211
985211
985211
985211
985211
985211
985211
985211
985211
430
985211
432
436
437
440
444
985211
447
985211
985211
459
985211
985211
466
471
985211
474
484
985211
488
985211
491
985211
985211
499
500
985211
503
504
985211
985211
498
985211
513
985211
985211
514
515
985211
517
985211
521
523
985211
529
985211
531
985211
544
545
985211
550
985211
985211
556
562
985211
985211
568
569
572
985211
985211
574
985211
576
985211
597
601
602
985211
985211
615
616
985211
985211
620
619
623
627
985211
631
633
985211
985211
660
985211
985211
985211
985211
985211
985211
985211
985211
985211
985211
985211
699
985211
703
985211
707
710
713
715
985211
720
985211
725
727
728
985211
732
735
985211
736
740
741
742
744
985211
985211
754
985211
751
759
985211
761
985211
763
985211
765
767
769
770
771
985211
779
985211
786
985211
788
985211
985211
985211
985211
985211
799
985211
985211
805
806
808
810
812
985211
985211
824
985211
827
830
832
833
838
985211
842
844
845
847
849
851
855
856
985211
985211
862
985211
985211
985211
985211
866
867
985211
870
871
985211
880
883
884
889
985211
985211
985211
985211
905
907
985211
910
911
913
914
985211
985211
985211
985211
985211
922
985211
985211
985211
985211
985211
985211
985211
928
985211
985211
985211
941
942
943
985211
985211
954
985211
964
966
985211
968
985211
973
974
975
985211
979
981
985211
985211
1018
1019
985211
1021
1023
1024
985211
1030
1032
1034
1035
985211
1038
1039
1040
1043
1044
1045
1046
1047
1048
1049
985211
985211
1053
1054
985211
1057
1060
1061
985211
985211
985211
985211
985211
1074
1076
1078
1080
1079
1082
1083
1084
985211
985211
1088
985211
1094
985211
1100
1101
1103
1106
1110
1111
985211
985211
985211
1117
1118
1120
1121
1122
1124
985211
985211
1128
985211
1136
1138
1140
1142
1143
1144
1147
985211
1149
1150
1152
1154
1155
1159
1160
1163
1166
1168
985211
1170
1171
1173
1175
1180
1182
1183
1185
1187
985211
985211
985211
1210
985211
985211
985211
985211
985211
985211
985211
985211
985211
985211
985211
985211
985211
985211
985211
985211
985211
985211
985211
985211
985211
985211
985211
985211
985211
985211
985211
985211
985211
985211
985211
985211
985211
985211
985211
985211
985211
985211
985211
985211
985211
985211
985211
985211
985211
985211
985211
1419
1423
1426
1427
1429
1432
1433
985211
1437
1440
985211
1447
985211
985211
985211
1459
1461
1462
1465
985211
985211
1470
985211
985211
985211
1485
1488
1492
1502
1507
985211
985211
1514
1515
1517
1521
1526
1527
1530
985211
1542
985211
985211
1561
985211
985211
1573
985211
985211
985211
1586
985211
985211
1593
1595
1603
985211
1613
985211
1621
1624
1628
1631
985211
1635
985211
985211
1640
1642
1647
1649
1650
1652
1653
985211
1658
985211
1661
985211
1666
1667
985211
985211
1670
1674
1675
1676
1679
1682
1683
1687
1690
1692
1693
1696
1699
1700
1701
1702
1703
1705
1706
985211
1708
1710
1712
1714
1716
1717
985211
985211
985211
1722
1723
1724
1725
1726
985211
985211
1729
1732
985211
985211
1735
1736
985211
985211
1737
1743
985211
985211
1746
1748
1749
1749
1754
985211
985211
985211
985211
985211
985211
985211
985211
1777
985211
985211
985211
985211
985211
985211
1802
985211
1814
1816
1820
985211
1827
1828
985211
985211
1832
1837
1838
1840
1841
1842
1843
1844
1845
985211
985211
985211
985211
1849
985211
1852
1853
1854
985211
985211
1858
1859
1860
1861
1862
1863
985211
1866
1867
1868
1869
1871
1872
985211
1874
1875
985211
1877
1878
985211
1880
1882
1884
1891
1893
1894
1895
1896
1897
1898
1899
1901
1902
1903
1904
1906
1908
1909
1910
1912
1913
1914
1915
1916
985211
1921
1917
1923
985211
985211
985211
1932
1933
1935
1937
985211
1939
985211
1941
985211
985211
985211
1950
985211
1956
985211
1960
1964
985211
985211
1972
1974
1975
985211
1977
985211
985211
1987
985211
1989
1990
1993
1997
2000
985211
2002
985211
985211
985211
985211
985211
985211
985211
985211
985211
2020
985211
985211
985211
2025
2029
2030
2031
2032
2033
2034
2035
2037
2045
985211
985211
985211
2051
2054
2056
985211
985211
985211
2061
985211
2065
2067
2068
985211
985211
985211
2074
2075
2078
2081
985211
2083
985211
2087
985211
2090
2088
985211
985211
2092
2093
985211
985211
985211
2103
985211
985211
985211
985211
2126
985211
985211
2136
985211
2141
2144
2146
985211
2149
2151
2153
2154
2156
985211
985211
2167
2172
985211
2176
2178
2179
2181
985211
2183
985211
2186
985211
985211
985211
985211
985211
2203
2204
2208
2212
2215
2219
2222
985211
985211
985211
985211
2260
2263
985211
2270
2274
2275
985211
985211
2281
2284
2287
2288
2290
985211
985211
985211
2300
985211
2303
2304
2307
985211
985211
2312
985211
2320
985211
2327
2331
985211
2334
2338
2339
985211
2340
2341
985211
2343
985211
2346
2349
2351
985211
2355
2356
985211
2358
2362
2363
2364
985211
985211
2367
985211
2377
2378
985211
985211
2383
985211
2387
985211
2392
2393
985211
985211
985211
2414
2417
2418
985211
985211
985211
2430
2440
985211
2444
2450
985211
2453
2457
2458
985211
985211
985211
985211
985211
2476
2477
985211
2479
2481
985211
2482
2484
2486
985211
2492
2493
2494
985211
985211
2496
2497
2503
2507
985211
2510
2512
985211
2520
2522
2523
2524
2525
2526
2527
985211
2529
2531
2532
2534
2535
2536
2537
985211
2543
985211
985211
2546
2547
985211
2550
