985211
985211
985211
82
88
92
94
985211
985211
100
105
107
985211
109
985211
985211
112
985211
985211
125
985211
985211
985211
985211
985211
985211
172
985211
181
180
182
985211
184
185
985211
191
985211
194
192
196
199
985211
985211
207
985211
209
985211
985211
214
216
217
218
985211
223
222
224
226
227
228
229
230
231
234
235
237
985211
985211
985211
985211
985211
244
246
248
985211
985211
985211
985211
985211
254
985211
985211
264
985211
265
266
985211
270
273
274
278
280
282
985211
284
985211
985211
985211
985211
985211
310
985211
985211
985211
985211
320
322
324
985211
331
985211
985211
985211
336
339
341
985211
985211
985211
985211
985211
985211
985211
375
985211
985211
985211
985211
382
985211
985211
390
985211
394
406
407
985211
985211
985211
985211
985211
985211
428
985211
985211
985211
985211
985211
985211
985211
439
985211
985211
985211
985211
450
985211
985211
985211
985211
985211
985211
985211
466
985211
474
477
478
985211
481
985211
482
985211
985211
985211
985211
985211
985211
985211
985211
985211
509
510
511
512
513
985211
514
515
517
985211
521
985211
985211
985211
985211
985211
985211
538
540
541
985211
546
548
550
552
985211
553
555
985211
985211
985211
985211
985211
568
569
985211
985211
572
579
985211
985211
985211
985211
597
985211
985211
601
985211
609
985211
613
614
615
616
618
985211
622
623
985211
985211
985211
985211
985211
985211
985211
985211
985211
655
656
985211
662
985211
985211
985211
985211
985211
668
985211
670
671
672
985211
677
680
681
985211
985211
685
985211
688
689
690
692
985211
694
985211
700
702
704
705
985211
709
710
985211
713
714
985211
985211
715
718
985211
721
726
728
730
732
733
734
985211
735
736
985211
985211
741
744
747
748
985211
750
751
753
754
985211
758
759
762
985211
985211
985211
985211
985211
985211
985211
772
985211
774
776
777
985211
780
782
985211
985211
785
985211
985211
788
985211
985211
791
792
985211
795
800
801
802
985211
985211
811
985211
985211
816
821
985211
824
985211
985211
827
985211
985211
985211
985211
985211
840
841
842
843
985211
847
852
985211
856
985211
985211
985211
868
873
875
985211
985211
880
881
884
885
985211
887
890
985211
891
985211
985211
905
985211
907
908
909
985211
915
916
917
985211
921
924
926
985211
930
936
938
985211
940
942
944
945
947
985211
948
951
953
954
956
957
959
985211
963
985211
965
985211
968
985211
971
972
985211
975
985211
978
980
982
983
985211
985
993
995
996
985211
985211
1006
1008
1009
985211
1010
1012
1013
1017
1018
1028
1029
1030
1034
985211
1039
1041
1044
1048
985211
1052
1053
1054
1057
985211
1058
1060
1062
1063
1064
1065
985211
1069
985211
1071
985211
1073
985211
1077
1079
1087
985211
1090
985211
1091
985211
1093
985211
985211
985211
985211
985211
985211
1102
985211
1107
1109
1110
985211
1112
1113
985211
985211
1117
1118
1119
1121
1122
1123
1124
1126
985211
985211
1130
985211
1134
1136
985211
985211
985211
1139
985211
985211
1145
1147
1149
1151
1152
985211
985211
1162
985211
1165
1168
985211
985211
985211
1173
985211
1176
1178
1183
1184
1187
1189
1190
1191
1192
1193
1198
1201
985211
1205
1206
1207
1208
1210
1213
1216
985211
1227
985211
1230
985211
1237
985211
1241
1242
1243
1244
985211
985211
1250
985211
985211
1255
985211
985211
1266
1267
985211
1269
985211
1271
1272
1273
985211
1275
1276
1277
1280
985211
1283
985211
985211
985211
985211
985211
985211
985211
985211
985211
1330
1331
1333
1335
985211
1337
1338
1339
1340
985211
1343
1346
1349
1350
1351
1352
1353
1354
985211
985211
1357
1358
985211
1360
1361
1362
1363
1365
1366
985211
1370
1371
1373
1376
1377
985211
1380
985211
1383
