985211
985211
985211
985211
985211
1669
1672
1673
1674
985211
1677
1678
985211
985211
985211
1716
1717
1718
1719
1721
985211
1723
1724
985211
985211
985211
1727
1728
1729
1731
1732
1733
1734
1735
1736
985211
1739
1740
1741
985211
985211
985211
985211
985211
985211
985211
1776
985211
1780
1781
1784
1787
1789
1790
1791
1792
985211
985211
1796
985211
1798
1800
1802
1804
985211
1806
1807
1808
1809
1810
1812
1815
1818
985211
1820
985211
1822
1830
1834
1835
1838
985211
1840
1839
985211
985211
1844
1850
1852
1854
1856
1858
1859
1861
985211
1865
1866
1867
1868
985211
985211
985211
985211
985211
985211
985211
1905
1908
1910
985211
1913
985211
1918
1921
1922
985211
985211
985211
1939
985211
1957
1962
1964
1968
1970
985211
985211
985211
985211
985211
1977
985211
1979
1982
985211
985211
1986
1989
985211
985211
985211
985211
985211
2007
985211
2009
2011
985211
985211
985211
985211
2031
2033
2037
985211
985211
985211
985211
985211
985211
985211
985211
985211
985211
985211
985211
985211
985211
985211
985211
985211
985211
1610
985211
985211
985211
985211
985211
985211
985211
985211
1528
985211
1523
1520
1518
985211
985211
985211
985211
985211
985211
985211
985211
1510
1508
1507
985211
1495
985211
985211
985211
985211
985211
985211
1469
1468
1467
985211
985211
985211
1462
985211
985211
1458
1454
1456
985211
1452
1453
1451
1447
985211
1444
985211
1440
1439
1437
985211
1436
1435
1434
985211
985211
1431
1430
985211
985211
985211
985211
1422
1417
985211
985211
1416
985211
1413
985211
985211
985211
1408
985211
985211
1404
985211
985211
985211
1398
1395
1394
985211
985211
985211
985211
985211
985211
1355
1365
985211
985211
985211
1353
1351
1350
1349
985211
985211
985211
1333
985211
985211
1316
1314
985211
985211
985211
1304
985211
1303
1299
1294
1291
1290
1289
1288
1287
1286
1285
1284
1281
1280
1279
1278
1276
1275
985211
1272
1271
985211
985211
985211
1259
985211
1257
1254
1252
1248
985211
1244
1243
1240
1238
1237
985211
1234
1231
1228
985211
1223
1222
985211
1221
1220
1219
1218
985211
985211
1215
985211
1212
1208
985211
1207
1205
1202
985211
1201
1199
1197
1195
985211
985211
1189
1188
985211
1183
1182
985211
1179
1177
1175
1172
1170
1166
1165
1164
985211
1161
1160
985211
1156
985211
1153
1152
985211
985211
1148
1146
1141
1143
985211
985211
1140
1138
985211
985211
1132
985211
985211
985211
1131
1130
1128
1125
1124
1122
985211
1121
985211
985211
1117
1114
1113
1110
985211
985211
1102
1090
985211
985211
985211
985211
1073
985211
985211
985211
1068
1067
1064
985211
985211
985211
985211
1050
985211
985211
1047
985211
985211
1036
1034
1032
985211
985211
1026
1022
985211
1017
1011
985211
985211
985211
985211
999
985211
985211
994
985211
991
988
985211
985211
980
974
985211
985211
985211
985211
968
967
965
985211
960
985211
985211
985211
956
985211
985211
985211
949
985211
985211
985211
985211
985211
985211
929
927
985211
919
985211
985211
915
985211
985211
985211
985211
985211
909
908
905
985211
904
985211
899
985211
985211
895
894
985211
889
985211
885
985211
880
985211
879
872
878
985211
871
870
985211
868
865
867
985211
985211
985211
985211
985211
838
985211
3925
985211
985211
831
827
823
820
985211
817
985211
985211
809
805
985211
802
801
797
985211
985211
985211
790
787
786
782
779
778
776
774
773
985211
985211
985211
761
759
985211
753
985211
985211
985211
985211
985211
985211
985211
985211
739
738
737
985211
985211
985211
985211
985211
985211
726
725
724
985211
720
985211
985211
716
985211
985211
985211
713
985211
985211
985211
985211
697
985211
985211
694
985211
985211
692
691
689
985211
985211
985211
674
985211
671
670
666
985211
985211
665
985211
660
985211
657
655
985211
652
649
985211
648
985211
985211
646
644
985211
638
985211
629
627
985211
623
985211
619
985211
615
614
612
611
609
607
985211
605
602
985211
601
985211
985211
597
985211
985211
985211
985211
985211
985211
985211
575
567
985211
985211
985211
562
563
554
985211
552
551
548
985211
985211
985211
544
985211
985211
536
535
533
531
529
985211
526
524
985211
520
985211
518
509
985211
985211
508
506
504
985211
985211
499
503
985211
501
500
498
985211
495
985211
490
486
478
985211
985211
985211
477
985211
476
474
471
985211
985211
468
985211
466
465
462
985211
461
460
458
457
456
455
452
451
450
449
985211
447
446
985211
444
442
985211
440
439
985211
437
436
435
430
429
427
425
985211
423
422
985211
418
417
416
415
414
413
411
410
409
985211
985211
402
985211
985211
985211
399
985211
985211
985211
985211
389
388
386
383
985211
985211
985211
377
985211
375
374
373
370
985211
985211
985211
364
985211
985211
985211
985211
359
358
356
355
353
985211
352
985211
985211
349
985211
346
342
985211
985211
985211
985211
321
318
315
313
985211
304
985211
301
985211
985211
985211
298
985211
985211
292
291
289
287
985211
281
985211
985211
985211
985211
268
267
266
265
264
263
985211
985211
985211
985211
985211
985211
241
985211
985211
985211
232
229
985211
985211
226
985211
216
985211
211
985211
985211
985211
985211
203
207
200
193
985211
985211
985211
192
985211
985211
985211
985211
183
182
985211
985211
179
174
171
985211
985211
166
163
164
162
985211
985211
158
985211
156
985211
985211
151
147
144
985211
137
985211
134
985211
133
132
131
129
122
121
985211
985211
985211
985211
985211
98
95
985211
985211
985211
985211
79
985211
985211
985211
68
65
62
985211
985211
985211
985211
985211
54
51
49
37
36
32
27
985211
15
985211
4
3
2
985211
985211
2055
985211
985211
2058
985211
985211
2063
2065
2067
985211
2069
2074
2075
985211
985211
985211
2083
2084
2085
2087
985211
985211
2092
2095
2096
2097
2098
985211
2100
2101
985211
985211
985211
985211
985211
985211
985211
985211
2126
985211
985211
985211
2131
985211
985211
985211
2140
985211
985211
2158
985211
2161
985211
985211
2167
2170
2171
2173
985211
2175
2177
2178
2179
2180
2182
985211
985211
2185
2187
985211
985211
2197
2199
985211
2205
985211
985211
2210
2212
985211
985211
2220
2221
985211
2235
985211
985211
985211
985211
985211
985211
985211
2258
2261
985211
2263
2265
985211
2269
985211
985211
985211
2271
985211
2274
2276
2277
2279
2278
985211
985211
985211
2283
2287
2291
985211
2294
985211
2300
985211
985211
985211
985211
985211
985211
985211
985211
985211
985211
2332
985211
2354
2355
985211
985211
985211
985211
985211
985211
2376
2378
985211
985211
2381
2385
985211
985211
985211
985211
985211
985211
985211
985211
985211
985211
985211
985211
985211
985211
985211
985211
985211
985211
985211
985211
985211
985211
985211
985211
2461
985211
2464
2466
985211
985211
985211
985211
2478
985211
2482
2487
985211
2489
2490
2491
2492
2493
985211
2495
985211
985211
2498
2499
2502
2504
2507
985211
985211
985211
2513
985211
985211
2516
2524
2528
985211
985211
985211
985211
2545
985211
985211
985211
2556
2558
985211
2577
985211
2578
985211
985211
985211
985211
985211
985211
985211
985211
985211
985211
985211
985211
985211
985211
985211
985211
2613
2616
985211
2617
2623
985211
2629
985211
2631
2635
2637
985211
2644
2653
2654
2655
2656
985211
2659
2660
2661
2664
2666
985211
2670
985211
2675
2676
985211
2687
2689
985211
985211
2695
985211
985211
985211
985211
985211
2711
2712
985211
985211
985211
985211
2719
985211
2721
2723
2724
2726
985211
985211
2727
2736
985211
2739
985211
985211
985211
985211
2750
985211
2755
2756
985211
985211
2764
2765
985211
2770
2771
2774
985211
2780
2784
985211
2787
2790
2798
985211
2803
2805
2806
2807
2808
985211
985211
2813
985211
2817
2819
985211
985211
2825
2826
2827
2830
2831
2835
2838
985211
985211
2841
2842
2844
985211
985211
2851
985211
2852
985211
985211
2855
985211
985211
2859
2860
2861
985211
2862
2863
2866
2867
2869
2870
2872
2873
2875
985211
2876
985211
985211
2881
2882
985211
2885
985211
985211
985211
985211
985211
2896
2897
985211
2901
2902
2903
985211
2905
2909
2911
2912
985211
2914
2915
2916
2917
2923
2927
985211
985211
2932
985211
985211
2934
2938
985211
985211
985211
2946
2951
985211
985211
2959
985211
2962
985211
985211
2968
2971
2972
985211
985211
985211
2976
985211
985211
985211
2980
985211
2987
2988
985211
985211
985211
2992
2994
985211
2998
985211
2996
985211
985211
3002
3003
985211
985211
985211
3007
985211
985211
985211
985211
985211
985211
985211
985211
3030
985211
3032
985211
985211
3041
3044
985211
985211
985211
985211
3054
985211
3056
3058
3059
3061
3062
3064
985211
985211
3077
3080
985211
985211
985211
3085
985211
985211
3092
985211
3098
3099
3100
3106
3107
985211
3110
985211
3113
3116
985211
3118
985211
985211
985211
3122
3124
985211
985211
985211
3134
985211
985211
985211
985211
3143
3151
3153
3155
985211
3156
985211
985211
985211
3161
3163
985211
3169
3168
3171
3172
985211
3176
985211
985211
3180
985211
3183
985211
985211
3188
3189
985211
3192
3193
3198
3194
3199
3200
3201
3203
985211
3207
3210
3211
985211
3215
985211
3221
985211
3223
985211
3227
985211
3230
985211
985211
985211
985211
985211
3257
985211
985211
3260
3263
3265
985211
3269
985211
3271
3272
3274
3275
985211
3283
985211
985211
3286
3287
3288
3290
3292
3295
3296
3297
985211
3305
985211
3310
985211
3314
3315
3316
3318
985211
3321
3322
3323
985211
3330
985211
985211
3334
985211
985211
3338
985211
985211
3340
3342
985211
3345
985211
985211
3350
985211
985211
3356
3360
3361
3362
985211
985211
3363
3366
3374
3377
985211
3379
985211
3381
985211
3386
3387
985211
985211
985211
985211
985211
3397
3398
3399
985211
985211
3406
985211
985211
985211
3418
3421
985211
985211
3425
985211
3431
985211
3434
3436
985211
3439
985211
985211
985211
3443
3444
3452
3455
985211
3460
985211
985211
3465
3468
985211
985211
3471
3472
985211
985211
985211
985211
3479
985211
3482
3485
3486
985211
3489
3490
3495
3496
985211
985211
985211
3509
3510
985211
985211
985211
3516
3518
3519
985211
3520
985211
985211
985211
985211
3527
3528
3530
3531
3532
3535
3537
3539
985211
985211
3551
985211
3553
985211
3556
3561
985211
985211
3563
3565
3566
985211
3570
985211
985211
985211
985211
985211
3582
3587
985211
3591
3594
985211
3598
3602
3603
3615
3616
985211
3617
3618
3623
985211
3628
3631
985211
3635
3636
985211
985211
985211
985211
985211
3657
985211
985211
3660
3662
3663
3665
3667
3668
3669
3670
985211
3675
3677
3678
3680
985211
3681
3682
985211
3684
985211
3686
985211
3689
3690
985211
985211
3692
3693
3696
985211
3699
3700
985211
985211
985211
3707
3708
3709
3711
985211
3713
3716
3719
3720
3721
3729
3730
3731
3732
3733
3734
3736
3738
3740
3743
3746
985211
3748
985211
3749
3750
3751
985211
3754
3756
985211
3758
3760
985211
985211
3776
985211
985211
3784
985211
985211
985211
3789
985211
985211
985211
3794
985211
985211
3798
3802
985211
985211
3809
3811
3812
3814
985211
3817
3819
3821
3822
985211
3824
985211
985211
3831
3834
985211
3836
3837
3839
3840
3841
3842
3843
985211
3847
3851
3852
3853
3855
3859
985211
3861
985211
3863
985211
985211
3870
985211
3873
3877
985211
3879
985211
985211
3883
985211
3887
3888
3889
3891
985211
985211
985211
985211
985211
3899
3903
3905
985211
3910
3913
3914
985211
3916
3920
985211
3924
3925
3926
985211
985211
3933
3937
985211
985211
985211
3942
985211
3944
985211
985211
3948
3949
3950
3952
3956
3963
3964
3965
3966
3967
3968
985211
985211
3972
985211
3974
3977
985211
985211
3980
3981
3983
3984
3986
985211
3988
985211
3989
985211
985211
3991
3993
985211
4004
985211
4014
4015
985211
4018
4021
4030
4034
985211
985211
985211
985211
985211
4045
985211
985211
4049
4053
985211
4058
4061
4064
985211
985211
985211
4067
4068
985211
4071
4073
4074
985211
985211
4079
4080
4081
4083
4084
985211
985211
985211
4088
4091
985211
985211
4104
985211
985211
985211
985211
985211
985211
985211
985211
985211
985211
985211
4119
4121
4125
4126
985211
985211
4131
985211
4134
985211
4137
4139
4140
985211
985211
985211
4146
985211
4147
4148
4149
4152
4155
4156
4158
4159
4160
4161
4164
985211
985211
4170
985211
985211
4174
4175
985211
985211
4178
4181
4184
4186
4187
4189
