985211
985211
985211
985211
985211
985211
985211
985211
985211
985211
985211
985211
985211
985211
985211
985211
985211
985211
985211
985211
985211
985211
985211
985211
985211
985211
985211
985211
985211
985211
985211
985211
985211
985211
985211
985211
985211
985211
985211
985211
985211
985211
985211
661
985211
985211
985211
985211
643
985211
985211
638
985211
633
632
985211
629
985211
985211
626
624
621
985211
619
617
611
985211
985211
985211
601
985211
985211
600
597
596
593
985211
592
591
590
588
985211
985211
985211
985211
985211
985211
579
578
985211
576
573
574
571
570
569
565
566
564
562
985211
985211
561
549
547
548
544
541
985211
985211
985211
985211
535
534
532
531
985211
530
985211
528
521
519
985211
985211
516
985211
985211
985211
512
510
985211
985211
985211
985211
985211
502
501
500
499
497
985211
494
492
985211
491
489
985211
488
487
484
985211
985211
479
985211
985211
985211
985211
470
472
471
467
469
985211
464
985211
985211
985211
985211
440
985211
438
985211
985211
434
985211
433
432
985211
985211
428
427
426
985211
421
985211
417
985211
410
985211
408
407
406
985211
985211
985211
985211
383
382
378
985211
985211
374
372
369
368
364
985211
360
362
985211
356
985211
985211
348
985211
985211
985211
343
337
327
985211
985211
322
319
312
985211
985211
306
985211
295
985211
296
303
985211
293
985211
985211
985211
985211
985211
277
274
272
268
271
270
263
985211
985211
985211
255
985211
252
249
245
985211
243
239
985211
985211
238
240
236
985211
231
985211
985211
985211
985211
229
227
985211
985211
217
216
213
985211
985211
985211
985211
208
206
985211
204
985211
985211
985211
985211
195
985211
985211
194
193
185
985211
985211
174
985211
985211
169
985211
166
985211
985211
985211
985211
143
985211
140
985211
130
985211
119
985211
985211
117
116
985211
113
985211
107
985211
108
105
103
101
99
97
94
92
91
89
76
985211
71
73
67
66
62
64
61
985211
55
50
985211
45
44
42
985211
36
985211
985211
985211
29
985211
24
23
16
985211
985211
985211
13
985211
985211
9
985211
958
963
962
985211
985211
968
985211
985211
974
978
980
985211
983
985211
985211
985211
985211
990
991
985211
985211
985211
998
1000
985211
985211
1004
1007
985211
985211
1015
1019
985211
1021
985211
1030
1032
985211
985211
1039
985211
1042
1043
985211
985211
985211
1049
1051
985211
1056
985211
985211
985211
1064
1068
1069
985211
985211
985211
985211
985211
1079
1080
985211
1087
1102
985211
985211
985211
985211
1114
985211
985211
1125
985211
1130
985211
985211
1134
1135
1137
985211
985211
1141
1142
985211
985211
1145
1149
1153
1159
985211
985211
1166
1167
985211
985211
985211
1173
1174
985211
985211
1181
985211
985211
985211
1190
985211
1193
985211
985211
985211
985211
985211
1220
1224
1227
985211
985211
1230
985211
1231
1233
985211
1235
1236
985211
1240
985211
1254
1257
1267
1268
985211
1270
1274
985211
1289
1290
1291
1292
1293
1295
1296
1297
1298
985211
1302
1304
985211
985211
985211
1311
985211
1315
1316
1318
1319
1321
1322
985211
985211
1326
1327
985211
985211
1328
985211
985211
1332
985211
985211
985211
1339
1340
1342
985211
1343
985211
985211
1349
985211
1355
1356
1358
985211
1365
1366
1367
1369
985211
985211
1376
1386
985211
985211
985211
1395
985211
985211
1400
1404
1405
985211
1409
1410
1416
985211
985211
985211
1432
1433
1436
1437
1439
1440
1442
985211
1447
985211
1450
1451
985211
1454
985211
1457
1458
1461
1463
1465
985211
1470
985211
985211
1474
1475
985211
985211
985211
985211
1485
1486
1488
985211
1490
1495
985211
1499
985211
1504
985211
1510
1512
1513
1514
985211
1519
985211
1520
985211
985211
1530
985211
985211
1537
985211
1540
985211
1543
1544
1547
1548
1551
985211
1553
1554
1555
985211
1560
1561
1564
1566
1567
985211
985211
985211
1574
985211
985211
1580
985211
985211
1587
985211
1592
985211
985211
985211
985211
1609
1610
1611
1612
1613
985211
1614
985211
985211
985211
985211
1618
985211
985211
1622
985211
985211
985211
985211
985211
985211
1628
1629
1630
1631
985211
985211
1634
1636
985211
985211
985211
1641
1642
1643
985211
1645
1646
985211
1649
985211
1652
985211
1655
985211
1659
985211
985211
1663
985211
985211
985211
1669
985211
985211
1671
1673
1675
1676
985211
1681
1690
1691
1692
1693
1694
985211
1696
1697
1698
1699
1700
1701
1702
985211
1709
985211
1710
985211
1712
1713
985211
985211
985211
1716
1718
1721
985211
985211
1724
985211
1725
1728
1732
985211
1739
985211
1743
985211
1746
985211
985211
985211
985211
985211
985211
985211
985211
985211
985211
985211
985211
1764
985211
985211
985211
1770
985211
1772
1773
1775
1777
1778
1779
1780
1781
985211
1783
1787
985211
985211
985211
985211
1792
1795
1797
985211
985211
985211
1799
1800
1801
985211
1802
985211
1803
1807
1808
985211
1810
1811
985211
1814
1816
1817
985211
1819
985211
1822
1823
1826
1827
1828
1829
985211
1832
985211
1839
1838
985211
1840
1841
985211
985211
985211
985211
1848
1852
1855
1856
1857
1859
985211
985211
1864
1866
1867
1868
985211
1869
1870
985211
985211
1872
1874
1877
1878
985211
1880
985211
985211
985211
1886
985211
985211
985211
1895
1896
985211
985211
1905
1906
1907
1908
1910
1913
1914
985211
1916
1917
985211
1919
1920
985211
1922
1924
1925
1926
1927
1929
1932
1933
985211
985211
1937
985211
985211
1941
1942
985211
1945
1947
1948
1951
1953
1954
1955
985211
985211
1959
985211
1960
1961
1963
1964
1966
1968
1970
1973
1975
985211
1978
1981
985211
1985
985211
1987
1989
1991
1992
1993
985211
1996
1997
1999
2000
2002
985211
2003
985211
2005
2006
985211
985211
985211
985211
985211
2027
2029
2031
2033
2035
2036
2037
2038
2039
2041
2044
985211
985211
985211
985211
985211
2050
985211
2051
2052
2054
2055
2056
2059
2060
2062
2064
2065
985211
2070
2072
2074
985211
985211
2078
985211
2080
2081
2082
985211
985211
985211
985211
2087
2088
2089
2090
2091
2093
2094
2095
2096
985211
2098
2099
985211
985211
2100
2105
985211
985211
985211
985211
2111
985211
985211
2114
985211
2117
985211
2119
985211
2122
985211
985211
985211
985211
2126
2127
2128
2129
2130
2131
2132
2133
2134
2135
2136
2138
2140
2141
2142
985211
2143
985211
2147
2148
2152
985211
985211
2157
985211
985211
985211
985211
985211
2168
985211
2172
985211
2179
2180
2181
2183
2184
2185
985211
2189
2190
2191
2192
2193
2195
985211
985211
985211
2200
2201
985211
985211
985211
2206
985211
2208
2209
2210
2211
985211
2212
2213
985211
985211
985211
985211
2222
2223
2224
2225
2227
2227
2229
985211
985211
985211
2236
2237
985211
2241
2245
2247
2248
2249
2250
2251
2253
2252
2256
985211
2257
985211
985211
2262
2263
2264
2265
2267
985211
2270
985211
2275
2277
985211
985211
2280
2281
2283
2284
2285
2286
2287
985211
2288
2289
2291
2292
2293
2294
2295
2296
2298
2299
2300
2304
2305
2308
985211
2310
2311
2312
2313
2314
2317
2323
